0 0.151210 0.490143 0.058468 0.098566
0 0.209173 0.473118 0.039315 0.136201
0 0.256552 0.491935 0.045363 0.152330
5 0.326613 0.801075 0.118952 0.089606
5 0.406754 0.270609 0.087702 0.157706
1 0.519153 0.483871 0.094758 0.082437
1 0.487399 0.793907 0.047379 0.100358
1 0.455141 0.933692 0.043347 0.114695
2 0.909274 0.745520 0.080645 0.168459
0 0.743952 0.449821 0.056452 0.186380
0 0.698085 0.541219 0.099798 0.103943
0 0.688508 0.590502 0.108871 0.073477
0 0.709173 0.710573 0.075605 0.137993
0 0.750504 0.713262 0.025202 0.164875
0 0.783770 0.724910 0.053427 0.163082
0 0.218246 0.719534 0.091734 0.112903