0 0.157762 0.482975 0.041331 0.141577
0 0.198085 0.461470 0.037298 0.166667
0 0.232863 0.489247 0.092742 0.172043
0 0.236391 0.716846 0.067540 0.150538
0 0.272177 0.605735 0.108871 0.060932
0 0.196573 0.726703 0.044355 0.155914
1 0.457157 0.551075 0.071573 0.116487
1 0.508569 0.757168 0.109879 0.080645
0 0.744960 0.447133 0.064516 0.191756
0 0.705645 0.519713 0.112903 0.086022
5 0.617944 0.534946 0.104839 0.102151
5 0.609879 0.404122 0.116935 0.084229
0 0.713710 0.694444 0.082661 0.173835
0 0.761089 0.724910 0.062500 0.152330
4 0.840726 0.767025 0.066532 0.157706
5 0.639113 0.800179 0.084677 0.145161