0 0.243952 0.508961 0.078629 0.132616
0 0.243448 0.676523 0.109879 0.080645
6 0.122984 0.882616 0.060484 0.173835
1 0.492944 0.468638 0.100806 0.102151
1 0.480847 0.650538 0.062500 0.136201
1 0.467238 0.561828 0.071573 0.091398
6 0.403226 0.602151 0.052419 0.211470
6 0.371472 0.873656 0.073589 0.073477
1 0.479335 0.896057 0.051411 0.150538
0 0.707661 0.496416 0.112903 0.118280
6 0.658266 0.672939 0.046371 0.195341
6 0.818548 0.863799 0.060484 0.096774
6 0.801915 0.927419 0.051411 0.127240
6 0.868448 0.204301 0.055444 0.078853