1 0.443548 0.539427 0.100806 0.107527
1 0.509577 0.602151 0.079637 0.089606
1 0.518145 0.701613 0.112903 0.091398
1 0.510081 0.758961 0.098790 0.073477
1 0.512601 0.867384 0.089718 0.078853
1 0.506552 0.952509 0.105847 0.069892
0 0.257056 0.574373 0.125000 0.073477
0 0.247984 0.658602 0.104839 0.080645
0 0.175403 0.732975 0.042339 0.146953
6 0.355343 0.811828 0.097782 0.082437
6 0.382560 0.901434 0.079637 0.111111
4 0.151210 0.140681 0.054435 0.141577
6 0.466734 0.095878 0.054435 0.137993
6 0.710181 0.141577 0.053427 0.161290
0 0.786290 0.469534 0.070565 0.146953
0 0.697077 0.641577 0.097782 0.146953
5 0.877520 0.244624 0.063508 0.077061