4 0.143649 0.153226 0.045363 0.127240
6 0.465726 0.093190 0.048387 0.132616
6 0.531754 0.186380 0.061492 0.189964
1 0.458669 0.533154 0.102823 0.105735
1 0.501512 0.611111 0.081653 0.082437
1 0.503024 0.765233 0.102823 0.064516
1 0.496472 0.693548 0.123992 0.060932
1 0.483367 0.939964 0.065524 0.102151
0 0.255040 0.576165 0.106855 0.087814
0 0.243952 0.681900 0.100806 0.102151
0 0.179435 0.730287 0.050403 0.148746
6 0.120464 0.844086 0.043347 0.111111
6 0.367944 0.815412 0.114919 0.093190
6 0.313004 0.929211 0.121976 0.094982
5 0.710685 0.143369 0.068548 0.172043
0 0.718246 0.644265 0.113911 0.127240
0 0.793851 0.474910 0.065524 0.114695
6 0.809476 0.915771 0.044355 0.146953
6 0.913306 0.847670 0.070565 0.093190
6 0.179435 0.402330 0.102823 0.112903