6 0.154738 0.275090 0.045363 0.155914
6 0.532258 0.203405 0.048387 0.170251
6 0.494456 0.094982 0.113911 0.071685
6 0.412298 0.298387 0.062500 0.181004
6 0.809980 0.903226 0.053427 0.182796
0 0.251512 0.577061 0.121976 0.114695
0 0.239415 0.681900 0.109879 0.120072
0 0.179435 0.724014 0.052419 0.136201
6 0.116431 0.844086 0.063508 0.111111
5 0.712198 0.142473 0.065524 0.188172
0 0.793851 0.460573 0.051411 0.168459
0 0.699093 0.572581 0.123992 0.102151
0 0.775706 0.709677 0.063508 0.172043
6 0.862399 0.258961 0.039315 0.202509
6 0.879536 0.927419 0.059476 0.080645
1 0.503024 0.422939 0.076613 0.150538
1 0.457661 0.543011 0.102823 0.089606
1 0.488911 0.605735 0.106855 0.082437
1 0.498992 0.681004 0.094758 0.093190
1 0.451109 0.785842 0.073589 0.098566
6 0.368448 0.810932 0.107863 0.087814
6 0.339214 0.938172 0.101815 0.116487
6 0.235383 0.869176 0.041331 0.197133
6 0.953629 0.232975 0.072581 0.118280