0 0.253024 0.574373 0.125000 0.087814
0 0.245968 0.676523 0.098790 0.080645
0 0.182964 0.722222 0.067540 0.168459
6 0.117440 0.840502 0.039315 0.107527
6 0.525706 0.168459 0.075605 0.172043
6 0.386089 0.182796 0.068548 0.143369
1 0.496976 0.426523 0.080645 0.129032
1 0.457661 0.533154 0.108871 0.102151
1 0.498992 0.612903 0.082661 0.075269
1 0.496976 0.683692 0.088710 0.080645
1 0.509073 0.796595 0.106855 0.105735
5 0.709173 0.137993 0.067540 0.146953
5 0.816532 0.176523 0.066532 0.137993
6 0.960685 0.239247 0.056452 0.130824
0 0.699597 0.574373 0.114919 0.123656
0 0.797379 0.456093 0.044355 0.148746
6 0.821069 0.901434 0.049395 0.186380
0 0.908770 0.467742 0.069556 0.107527
6 0.356855 0.828853 0.088710 0.091398