0 0.160282 0.474014 0.054435 0.170251
0 0.204133 0.478495 0.053427 0.139785
0 0.250504 0.662186 0.091734 0.066308
1 0.468246 0.766129 0.073589 0.148746
1 0.467742 0.898746 0.046371 0.159498
0 0.690524 0.575269 0.129032 0.086022
0 0.801915 0.467742 0.053427 0.154122
1 0.502016 0.468638 0.096774 0.077061
1 0.497480 0.595878 0.103831 0.073477
6 0.805948 0.913978 0.059476 0.146953
5 0.719758 0.138889 0.066532 0.155914
6 0.918851 0.851254 0.073589 0.093190
6 0.392641 0.178315 0.073589 0.159498
6 0.966734 0.253584 0.066532 0.134409