5 0.356855 0.399642 0.054435 0.193548
5 0.726310 0.095878 0.093750 0.080645
5 0.125000 0.423835 0.048387 0.184588
3 0.873488 0.174731 0.057460 0.077061
0 0.742944 0.448029 0.058468 0.189964
0 0.703125 0.517921 0.109879 0.078853
0 0.690524 0.553763 0.129032 0.064516
0 0.691532 0.610215 0.131048 0.066308
0 0.724294 0.694444 0.079637 0.177419
4 0.771169 0.852151 0.074597 0.105735
0 0.798387 0.491039 0.050403 0.103943
4 0.972278 0.791219 0.047379 0.123656
0 0.158770 0.469534 0.047379 0.179211
0 0.246472 0.477599 0.077621 0.184588
0 0.279738 0.609319 0.099798 0.089606
0 0.245464 0.713262 0.065524 0.157706
0 0.198589 0.728495 0.054435 0.166667
1 0.466734 0.424731 0.084677 0.114695
1 0.478327 0.560932 0.047379 0.075269
1 0.472782 0.663978 0.064516 0.120072
1 0.479839 0.857527 0.092742 0.066308
5 0.577117 0.901434 0.069556 0.111111
5 0.743952 0.214158 0.110887 0.069892