6 0.796371 0.324373 0.088710 0.139785
6 0.715726 0.267025 0.048387 0.164875
5 0.716734 0.115591 0.050403 0.127240
6 0.386089 0.164875 0.056452 0.089606
0 0.204637 0.460573 0.052419 0.154122
0 0.257056 0.495520 0.080645 0.159498
0 0.256552 0.672939 0.087702 0.094982
0 0.178427 0.736559 0.060484 0.132616
6 0.118952 0.838710 0.058468 0.093190
6 0.148185 0.901434 0.046371 0.089606
1 0.503528 0.474910 0.091734 0.086022
1 0.447581 0.564516 0.090726 0.068100
1 0.442036 0.693548 0.091734 0.082437
6 0.311996 0.850358 0.091734 0.105735
0 0.690020 0.567204 0.119960 0.094982
0 0.752016 0.728495 0.044355 0.206093
6 0.882056 0.231183 0.040323 0.078853
6 0.823589 0.174731 0.078629 0.134409