6 0.389113 0.171147 0.058468 0.123656
1 0.456653 0.566308 0.098790 0.075269
1 0.449093 0.775090 0.081653 0.094982
1 0.462198 0.921147 0.049395 0.121864
6 0.478831 0.253584 0.064516 0.181004
6 0.120968 0.837814 0.048387 0.094982
6 0.134577 0.931900 0.057460 0.064516
0 0.177923 0.746416 0.039315 0.177419
6 0.259577 0.617384 0.053427 0.188172
6 0.299395 0.850358 0.100806 0.105735
6 0.709173 0.269713 0.067540 0.159498
6 0.724294 0.130824 0.059476 0.154122
6 0.788306 0.326165 0.100806 0.103943
6 0.821573 0.177419 0.076613 0.136201
0 0.693044 0.559140 0.136089 0.071685
0 0.701109 0.649642 0.103831 0.127240
0 0.769153 0.721326 0.066532 0.155914