0 0.203629 0.472222 0.064516 0.173835
0 0.696573 0.557348 0.120968 0.060932
0 0.703125 0.642473 0.117944 0.073477
5 0.724798 0.126344 0.074597 0.094982
6 0.393649 0.177419 0.061492 0.118280
6 0.255544 0.706989 0.075605 0.077061
6 0.150706 0.943548 0.055444 0.077061
6 0.714214 0.306452 0.049395 0.197133
5 0.886089 0.945341 0.064516 0.105735
1 0.491935 0.842294 0.104839 0.082437
1 0.463710 0.904122 0.086694 0.066308
6 0.497984 0.170251 0.102823 0.107527
6 0.477823 0.082437 0.058468 0.100358
5 0.921875 0.848566 0.059476 0.069892
5 0.817540 0.172939 0.068548 0.116487