0 0.207661 0.471326 0.080645 0.150538
0 0.260585 0.597670 0.123992 0.087814
0 0.188004 0.732975 0.065524 0.157706
6 0.160786 0.943548 0.087702 0.091398
6 0.375504 0.192652 0.057460 0.116487
6 0.471270 0.245520 0.069556 0.143369
1 0.452621 0.518817 0.076613 0.130824
1 0.456653 0.631720 0.074597 0.102151
1 0.456149 0.713262 0.075605 0.096774
1 0.483367 0.836918 0.083669 0.082437
1 0.427923 0.915771 0.079637 0.082437
6 0.729839 0.315412 0.129032 0.093190
6 0.748488 0.400538 0.111895 0.098566
0 0.718246 0.490143 0.144153 0.091398
0 0.685484 0.586918 0.129032 0.098566
0 0.729839 0.675627 0.114919 0.107527
5 0.890121 0.942652 0.058468 0.114695