4 0.353327 0.137993 0.117944 0.060932
0 0.204133 0.478495 0.055444 0.125448
0 0.269153 0.586918 0.131048 0.094982
6 0.724798 0.325269 0.108871 0.062724
0 0.717742 0.484767 0.104839 0.102151
0 0.692540 0.591398 0.131048 0.089606
5 0.886593 0.935484 0.047379 0.118280
5 0.930948 0.957885 0.037298 0.062724
1 0.451613 0.523297 0.090726 0.114695
1 0.450605 0.620968 0.112903 0.073477
1 0.462702 0.713262 0.090726 0.086022
1 0.455141 0.773297 0.093750 0.077061
1 0.480343 0.842294 0.087702 0.068100
1 0.434476 0.903226 0.078629 0.075269