0 0.205141 0.492832 0.061492 0.164875
0 0.253528 0.665771 0.105847 0.073477
6 0.557460 0.338710 0.104839 0.121864
1 0.452621 0.518817 0.080645 0.116487
1 0.503024 0.547491 0.110887 0.091398
1 0.500000 0.903226 0.100806 0.068100
1 0.452117 0.871864 0.055444 0.116487
0 0.788810 0.701613 0.075605 0.137993
0 0.715726 0.481183 0.131048 0.098566
0 0.693044 0.590502 0.115927 0.127240
5 0.891633 0.938172 0.055444 0.105735
0 0.348286 0.135305 0.113911 0.069892
3 0.789315 0.185484 0.092742 0.141577
4 0.738407 0.328853 0.123992 0.102151