0 0.258569 0.540323 0.101815 0.084229
0 0.221270 0.733871 0.055444 0.181004
0 0.175403 0.751792 0.054435 0.198925
1 0.469758 0.525090 0.076613 0.139785
1 0.429435 0.732975 0.088710 0.093190
1 0.506552 0.740143 0.095766 0.129032
1 0.469758 0.857527 0.042339 0.127240
0 0.706149 0.677419 0.103831 0.121864
0 0.703125 0.541219 0.111895 0.078853
0 0.714718 0.372760 0.074597 0.118280
0 0.777722 0.453405 0.085685 0.089606
5 0.868952 0.260753 0.048387 0.066308
5 0.934980 0.893369 0.045363 0.120072
5 0.817540 0.882616 0.062500 0.087814
0 0.146673 0.501792 0.065524 0.136201
6 0.372480 0.126344 0.093750 0.109319