0 0.256552 0.549283 0.109879 0.091398
0 0.173387 0.723118 0.044355 0.163082
1 0.464718 0.516129 0.064516 0.121864
1 0.498992 0.708781 0.084677 0.091398
1 0.472278 0.789427 0.071573 0.130824
1 0.776210 0.181004 0.068548 0.175627
6 0.713206 0.360215 0.063508 0.111111
0 0.706653 0.541219 0.114919 0.064516
0 0.754536 0.689068 0.057460 0.155914
5 0.898690 0.186380 0.069556 0.093190
5 0.934980 0.888889 0.041331 0.129032
6 0.868952 0.284946 0.050403 0.082437
6 0.814012 0.883513 0.081653 0.082437
6 0.383569 0.130824 0.095766 0.129032