0 0.733367 0.464158 0.089718 0.100358
0 0.701109 0.546595 0.134073 0.071685
6 0.932964 0.889785 0.047379 0.120072
6 0.386593 0.128136 0.097782 0.105735
0 0.261593 0.623656 0.115927 0.078853
1 0.498992 0.528674 0.088710 0.111111
1 0.430948 0.568100 0.093750 0.103943
1 0.489415 0.797491 0.081653 0.121864
1 0.464214 0.932796 0.065524 0.105735
6 0.822077 0.885305 0.097782 0.100358
0 0.712198 0.657706 0.077621 0.161290
6 0.719758 0.358423 0.096774 0.100358
6 0.880544 0.296595 0.039315 0.098566
5 0.896169 0.186380 0.058468 0.086022
0 0.809476 0.422043 0.050403 0.148746
6 0.550907 0.949821 0.087702 0.082437