4 0.111895 0.226703 0.062500 0.130824
4 0.220766 0.165771 0.090726 0.080645
6 0.371976 0.112007 0.088710 0.080645
1 0.435484 0.477599 0.080645 0.105735
1 0.510081 0.463262 0.072581 0.105735
1 0.496472 0.649642 0.077621 0.091398
1 0.465726 0.732079 0.058468 0.141577
0 0.224294 0.479391 0.077621 0.159498
0 0.229839 0.693548 0.094758 0.103943
6 0.719254 0.371864 0.073589 0.123656
0 0.699597 0.543907 0.118952 0.066308
0 0.707157 0.627240 0.097782 0.139785
0 0.767137 0.698925 0.066532 0.175627
6 0.345766 0.420251 0.066532 0.184588
6 0.844254 0.755376 0.085685 0.109319
5 0.814012 0.870072 0.077621 0.080645
6 0.888105 0.310036 0.062500 0.118280
5 0.895161 0.181900 0.060484 0.080645
6 0.570565 0.947133 0.070565 0.094982
6 0.127520 0.344982 0.065524 0.080645
6 0.393145 0.687276 0.070565 0.198925
5 0.831149 0.954301 0.075605 0.087814