5 0.480343 0.179211 0.085685 0.132616
0 0.747480 0.429211 0.071573 0.177419
0 0.708669 0.508065 0.104839 0.073477
0 0.692036 0.548387 0.128024 0.060932
0 0.686996 0.612007 0.128024 0.077061
0 0.721270 0.687276 0.121976 0.141577
4 0.761089 0.844086 0.094758 0.100358
5 0.714214 0.795699 0.081653 0.150538
0 0.225302 0.694444 0.051411 0.166667
0 0.161290 0.732079 0.052419 0.159498
1 0.463710 0.426523 0.082661 0.157706
1 0.553427 0.486559 0.090726 0.123656
1 0.442036 0.532258 0.095766 0.114695
1 0.515121 0.775090 0.106855 0.084229
1 0.445060 0.853943 0.097782 0.098566
3 0.552923 0.931004 0.083669 0.105735