0 0.250000 0.658602 0.114919 0.044803
0 0.214214 0.718638 0.077621 0.125448
1 0.460181 0.472222 0.087702 0.077061
1 0.497984 0.569892 0.058468 0.114695
1 0.509577 0.655018 0.071573 0.091398
1 0.465222 0.737455 0.065524 0.127240
1 0.507560 0.862007 0.093750 0.089606
0 0.716734 0.370072 0.066532 0.120072
1 0.626512 0.371864 0.071573 0.163082
0 0.782258 0.482079 0.070565 0.132616
0 0.690524 0.600358 0.112903 0.129032
6 0.707157 0.835125 0.071573 0.089606
5 0.894657 0.184588 0.049395 0.064516
5 0.817036 0.890681 0.059476 0.114695
5 0.980343 0.767025 0.027218 0.150538
6 0.123992 0.343190 0.042339 0.073477
6 0.778730 0.255376 0.091734 0.098566
6 0.882056 0.295699 0.038306 0.075269