6 0.131048 0.292115 0.044355 0.118280
6 0.682460 0.391577 0.118952 0.127240
5 0.880544 0.232079 0.061492 0.087814
0 0.229839 0.728495 0.078629 0.163082
0 0.694052 0.566308 0.105847 0.089606
0 0.744960 0.704301 0.080645 0.154122
0 0.798387 0.468638 0.046371 0.109319
1 0.460685 0.482079 0.066532 0.107527
1 0.494456 0.594086 0.075605 0.134409
1 0.444052 0.794803 0.037298 0.152330
1 0.504032 0.866487 0.084677 0.077061
6 0.601310 0.861111 0.053427 0.184588
6 0.376008 0.953405 0.048387 0.082437
6 0.471774 0.129032 0.060484 0.129032
6 0.912298 0.654122 0.046371 0.150538