6 0.134577 0.310036 0.045363 0.121864
6 0.665323 0.329749 0.064516 0.193548
6 0.884577 0.198029 0.073589 0.077061
6 0.469254 0.141577 0.049395 0.150538
0 0.232863 0.706989 0.068548 0.170251
1 0.467238 0.486559 0.059476 0.127240
1 0.496472 0.588710 0.075605 0.137993
1 0.449597 0.793907 0.044355 0.129032
1 0.493952 0.705197 0.062500 0.137993
6 0.282762 0.205197 0.063508 0.094982
0 0.795363 0.460573 0.044355 0.154122
0 0.688508 0.560932 0.114919 0.082437
0 0.751512 0.724014 0.047379 0.197133
5 0.839214 0.392473 0.077621 0.143369