0 0.162802 0.503584 0.079637 0.093190
0 0.199597 0.735663 0.052419 0.188172
0 0.747480 0.458781 0.087702 0.154122
0 0.693044 0.616487 0.099798 0.121864
0 0.747480 0.690860 0.113911 0.123656
6 0.651714 0.312724 0.085685 0.084229
6 0.375504 0.154122 0.069556 0.175627
6 0.701613 0.859319 0.086694 0.145161
1 0.497984 0.793011 0.082661 0.141577
1 0.519153 0.482975 0.100806 0.109319
1 0.444052 0.516129 0.079637 0.100358
6 0.919355 0.857527 0.076613 0.109319
6 0.899698 0.211470 0.037298 0.118280
6 0.567540 0.914875 0.096774 0.109319
1 0.520161 0.687276 0.098790 0.062724