0 0.191532 0.491935 0.070565 0.152330
0 0.201109 0.744624 0.073589 0.188172
0 0.739415 0.456989 0.083669 0.161290
0 0.819556 0.460573 0.070565 0.150538
6 0.395161 0.158602 0.046371 0.166667
6 0.641129 0.044803 0.104839 0.089606
6 0.755040 0.068100 0.068548 0.136200
6 0.690020 0.644265 0.119960 0.080645
6 0.681452 0.887097 0.088710 0.121864
6 0.284778 0.896953 0.039315 0.188172
6 0.352823 0.938172 0.074597 0.087814
6 0.650706 0.336918 0.087702 0.071685
1 0.523185 0.492832 0.076613 0.107527
1 0.451109 0.482975 0.065524 0.091398
1 0.507560 0.631720 0.079637 0.109319
1 0.458165 0.713262 0.077621 0.107527
1 0.460181 0.842294 0.047379 0.121864
6 0.562500 0.913082 0.104839 0.077061
6 0.895665 0.218638 0.029234 0.136201