0 0.261089 0.599462 0.114919 0.109319
0 0.209677 0.734767 0.074597 0.179211
6 0.375504 0.911290 0.083669 0.098566
6 0.907762 0.384409 0.057460 0.130824
6 0.896169 0.225806 0.038306 0.125448
6 0.793347 0.355735 0.070565 0.112903
6 0.635081 0.390681 0.108871 0.089606
1 0.504032 0.626344 0.088710 0.094982
1 0.498992 0.707885 0.094758 0.093190
1 0.483871 0.790323 0.066532 0.103943
1 0.509073 0.888889 0.112903 0.086022
6 0.249496 0.365591 0.103831 0.103943
6 0.739415 0.103943 0.053427 0.125448
6 0.732359 0.689068 0.087702 0.069892
6 0.714214 0.891577 0.055444 0.181004
6 0.260585 0.921147 0.049395 0.139785
6 0.670867 0.084229 0.077621 0.093190