5 0.649698 0.167563 0.063508 0.155914
0 0.267641 0.571685 0.130040 0.089606
0 0.267641 0.618280 0.101815 0.068100
0 0.261593 0.689964 0.095766 0.111111
0 0.189516 0.758961 0.034274 0.184588
0 0.165323 0.741935 0.040323 0.154122
1 0.450101 0.603943 0.087702 0.100358
1 0.511593 0.732079 0.081653 0.134409
1 0.425403 0.899642 0.094758 0.096774
0 0.740927 0.431900 0.056452 0.179211
0 0.704637 0.513441 0.102823 0.084229
0 0.684476 0.604839 0.125000 0.091398
0 0.722782 0.671147 0.098790 0.094982
0 0.742440 0.749104 0.075605 0.175627
0 0.804435 0.489247 0.050403 0.089606
5 0.666835 0.906810 0.077621 0.132616
5 0.545867 0.922043 0.063508 0.109319