5 0.247984 0.564516 0.074597 0.150538
0 0.207157 0.741039 0.055444 0.155914
1 0.472278 0.445341 0.091734 0.091398
1 0.513609 0.642473 0.075605 0.123656
1 0.513609 0.711470 0.073589 0.129032
1 0.449093 0.736559 0.085685 0.107527
6 0.728327 0.090502 0.059476 0.094982
6 0.658770 0.306452 0.073589 0.071685
6 0.801411 0.339606 0.048387 0.148746
6 0.902722 0.385305 0.045363 0.114695
6 0.659274 0.462366 0.104839 0.103943
0 0.811492 0.474910 0.064516 0.053763
6 0.646673 0.883513 0.077621 0.175627
6 0.377520 0.916667 0.071573 0.073477
6 0.932460 0.244624 0.056452 0.137993