6 0.146673 0.397849 0.073589 0.068100
6 0.359375 0.165771 0.043347 0.159498
6 0.464718 0.124552 0.070565 0.141577
6 0.728327 0.096774 0.051411 0.114695
6 0.923387 0.241039 0.052419 0.134409
6 0.659778 0.308244 0.073589 0.075269
6 0.902722 0.383513 0.055444 0.132616
6 0.809476 0.358423 0.054435 0.150538
6 0.675907 0.443548 0.083669 0.080645
6 0.717238 0.702509 0.063508 0.236559
1 0.511593 0.712366 0.093750 0.130824
1 0.477319 0.784050 0.053427 0.152330
1 0.492440 0.587814 0.075605 0.082437
0 0.208669 0.723118 0.062500 0.177419
0 0.250000 0.555556 0.092742 0.093190
6 0.378528 0.887993 0.079637 0.102151
6 0.949093 0.868280 0.047379 0.163082