0 0.255544 0.562724 0.109879 0.075269
0 0.208669 0.730287 0.052419 0.184588
6 0.656754 0.313620 0.081653 0.096774
6 0.736895 0.091398 0.074597 0.082437
6 0.808972 0.362007 0.057460 0.157706
6 0.923891 0.264337 0.049395 0.123656
6 0.899194 0.380824 0.046371 0.105735
0 0.792843 0.482975 0.081653 0.091398
0 0.708165 0.660394 0.097782 0.166667
1 0.495464 0.512545 0.069556 0.132616
1 0.508569 0.611111 0.097782 0.103943
1 0.512097 0.708781 0.088710 0.123656
6 0.511089 0.952509 0.092742 0.066308
6 0.360887 0.907706 0.078629 0.105735
6 0.675907 0.456989 0.081653 0.100358
6 0.264617 0.250896 0.109879 0.111111
6 0.792843 0.818996 0.057460 0.164875