5 0.649194 0.164875 0.068548 0.157706
0 0.261089 0.551075 0.143145 0.069892
0 0.259577 0.615591 0.109879 0.066308
0 0.256552 0.680108 0.103831 0.112903
0 0.198589 0.736559 0.036290 0.182796
0 0.164315 0.741935 0.036290 0.157706
0 0.740927 0.440860 0.044355 0.175627
0 0.707157 0.508961 0.123992 0.103943
0 0.685988 0.599462 0.140121 0.098566
0 0.749496 0.726703 0.043347 0.206093
0 0.718246 0.710573 0.039315 0.191756
0 0.800907 0.475806 0.051411 0.112903
1 0.464214 0.475806 0.103831 0.073477
1 0.475302 0.593190 0.065524 0.114695
1 0.514617 0.749104 0.111895 0.064516
1 0.511089 0.656810 0.112903 0.073477
1 0.494960 0.891577 0.062500 0.159498
5 0.772177 0.841398 0.116935 0.084229