0 0.212702 0.469534 0.090726 0.179211
0 0.724294 0.700717 0.073589 0.182796
6 0.132056 0.879032 0.062500 0.059140
6 0.370968 0.909498 0.044355 0.134409
6 0.601310 0.708781 0.051411 0.166667
6 0.616431 0.571685 0.051411 0.193548
6 0.659778 0.706093 0.057460 0.182796
6 0.747984 0.831541 0.050403 0.139785
6 0.240927 0.862903 0.074597 0.148746
6 0.392137 0.568100 0.108871 0.107527
6 0.520665 0.151434 0.071573 0.159498
6 0.901714 0.280466 0.043347 0.120072
1 0.445060 0.465054 0.083669 0.094982
1 0.510585 0.517921 0.113911 0.100358
1 0.490423 0.663082 0.065524 0.143369
1 0.453125 0.802867 0.073589 0.118280
1 0.471270 0.939964 0.059476 0.105735