0 0.150706 0.490143 0.055444 0.116487
0 0.252016 0.503584 0.092742 0.132616
0 0.200101 0.457885 0.057460 0.163082
5 0.404738 0.276882 0.099798 0.198925
1 0.523185 0.482079 0.094758 0.086022
1 0.499496 0.576165 0.083669 0.105735
1 0.511593 0.878136 0.087702 0.103943
1 0.485887 0.777778 0.064516 0.096774
0 0.744456 0.451613 0.061492 0.200717
0 0.702117 0.534946 0.121976 0.109319
0 0.684980 0.600358 0.109879 0.071685
0 0.701109 0.699821 0.057460 0.163082
0 0.744960 0.738351 0.048387 0.215054
0 0.788306 0.726703 0.046371 0.173835
0 0.809980 0.490143 0.065524 0.102151
0 0.222782 0.717742 0.098790 0.116487
5 0.746472 0.293011 0.132056 0.112903
5 0.782258 0.937276 0.082661 0.111111
5 0.333669 0.806452 0.118952 0.096774