0 0.726823 0.446296 0.064062 0.172222
0 0.698698 0.457407 0.076563 0.164815
0 0.672396 0.474074 0.101042 0.120370
0 0.656250 0.531019 0.105208 0.076852
0 0.649740 0.582407 0.122396 0.046296
0 0.665365 0.656944 0.084896 0.134259
0 0.686458 0.696296 0.042708 0.162963
1 0.529687 0.323611 0.104167 0.084259
1 0.476302 0.462500 0.065104 0.139815
1 0.426302 0.587037 0.076563 0.090741
1 0.408073 0.743981 0.078646 0.086111
5 0.380990 0.248148 0.100521 0.109259
5 0.539844 0.943519 0.085938 0.109259
5 0.671875 0.205093 0.067708 0.099074
5 0.322917 0.081481 0.067708 0.124074
5 0.566406 0.480556 0.054688 0.161111
6 0.822135 0.934722 0.057812 0.087963
6 0.751042 0.942130 0.080208 0.087963
3 0.514062 0.802778 0.072917 0.200000
5 0.584115 0.775000 0.069271 0.116667
5 0.753125 0.306481 0.058333 0.085185
