0 0.738802 0.443519 0.038021 0.192593
3 0.664844 0.412963 0.127604 0.185185
0 0.667188 0.516204 0.118750 0.078704
0 0.670052 0.562037 0.111979 0.055556
0 0.682031 0.690278 0.047396 0.200926
0 0.703646 0.727315 0.060417 0.204630
6 0.394531 0.119907 0.101562 0.093519
6 0.287760 0.184722 0.088021 0.121296
6 0.296875 0.666667 0.093750 0.100000
5 0.326562 0.416667 0.070833 0.138889
5 0.307031 0.808333 0.085938 0.122222
1 0.432812 0.860185 0.067708 0.107407
1 0.495573 0.417593 0.073438 0.137037
1 0.506510 0.241667 0.077604 0.057407
1 0.518750 0.140741 0.087500 0.112963
6 0.819531 0.324074 0.068229 0.107407
6 0.780729 0.964815 0.076042 0.059259
6 0.765104 0.852315 0.090625 0.076852
2 0.112500 0.744907 0.121875 0.134259
1 0.492708 0.700926 0.094792 0.118519
