5 0.331250 0.412963 0.065625 0.131481
1 0.413802 0.883333 0.069271 0.103704
1 0.477604 0.565278 0.064583 0.149074
1 0.498698 0.427315 0.075521 0.156481
1 0.501823 0.236111 0.074479 0.055556
1 0.477865 0.077315 0.078646 0.082407
5 0.309896 0.820833 0.093750 0.113889
6 0.742969 0.131944 0.068229 0.087963
6 0.820573 0.226852 0.056771 0.120370
3 0.670052 0.407407 0.138021 0.159259
0 0.740885 0.435648 0.035937 0.197222
0 0.661458 0.518981 0.122917 0.076852
0 0.664844 0.565278 0.101562 0.069444
0 0.652344 0.675926 0.078646 0.161111
0 0.677344 0.710648 0.054688 0.187963
0 0.712760 0.731944 0.042188 0.180556
6 0.771875 0.946296 0.065625 0.100000
2 0.111458 0.735648 0.083333 0.152778
6 0.294531 0.188889 0.076563 0.127778
6 0.396875 0.128704 0.091667 0.107407
6 0.295312 0.678241 0.090625 0.123148
6 0.151042 0.150926 0.060417 0.111111
6 0.686719 0.229167 0.046354 0.189815
