5 0.297396 0.302778 0.086458 0.111111
5 0.310937 0.818981 0.073958 0.104630
5 0.331771 0.414815 0.066667 0.144444
1 0.533333 0.067130 0.096875 0.102778
1 0.523698 0.133796 0.085938 0.084259
1 0.515625 0.212500 0.079167 0.095370
1 0.418490 0.214352 0.113021 0.073148
1 0.443490 0.388889 0.078646 0.142593
1 0.492969 0.705093 0.080729 0.123148
1 0.450521 0.765278 0.056250 0.128704
6 0.746094 0.131019 0.076563 0.097222
6 0.839062 0.348611 0.037500 0.149074
0 0.738542 0.445833 0.031250 0.193519
0 0.669271 0.506019 0.122917 0.073148
0 0.656250 0.664815 0.092708 0.114815
0 0.684896 0.716204 0.055208 0.202778
0 0.708854 0.736574 0.034375 0.204630
0 0.738021 0.725926 0.036458 0.211111
1 0.404687 0.945833 0.087500 0.082407
3 0.507812 0.314815 0.125000 0.105556
2 0.098177 0.750000 0.083854 0.159259
