3 0.672396 0.403704 0.131250 0.166667
0 0.676042 0.514352 0.119792 0.078704
0 0.736458 0.451852 0.025000 0.161111
0 0.671875 0.573611 0.097917 0.078704
0 0.658854 0.665741 0.091667 0.135185
0 0.705990 0.742130 0.015104 0.182407
0 0.740885 0.738426 0.026562 0.178704
6 0.777604 0.940741 0.091667 0.118519
6 0.770312 0.956019 0.060417 0.080556
6 0.766146 0.904167 0.070833 0.062037
6 0.755990 0.853704 0.078646 0.048148
6 0.820052 0.225926 0.039062 0.111111
6 0.735938 0.121759 0.084375 0.078704
6 0.781771 0.083333 0.057292 0.116667
6 0.564583 0.357407 0.062500 0.174074
1 0.518490 0.139815 0.079687 0.114815
1 0.509635 0.228704 0.069271 0.051852
1 0.474740 0.312500 0.089063 0.095370
1 0.504427 0.438426 0.055729 0.134259
1 0.438542 0.415741 0.088542 0.103704
1 0.479427 0.560185 0.069271 0.120370
1 0.431510 0.719444 0.058854 0.124074
1 0.414062 0.894907 0.093750 0.076852
5 0.330208 0.413426 0.063542 0.134259
5 0.295312 0.305556 0.098958 0.090741
2 0.105990 0.746759 0.102604 0.141667
