0 0.738542 0.440278 0.031250 0.195370
3 0.654687 0.411574 0.126042 0.191667
0 0.665104 0.518056 0.127083 0.086111
0 0.665885 0.567130 0.090104 0.091667
0 0.659896 0.683796 0.102083 0.126852
0 0.713281 0.741204 0.043229 0.195370
0 0.741927 0.730093 0.035937 0.152778
6 0.765104 0.894444 0.075000 0.064815
6 0.768490 0.944444 0.077604 0.103704
1 0.517969 0.129630 0.080729 0.101852
1 0.503385 0.238426 0.081771 0.071296
1 0.469271 0.314815 0.067708 0.109259
1 0.505208 0.434722 0.064583 0.134259
1 0.477344 0.567130 0.065104 0.130556
1 0.499740 0.694444 0.077604 0.124074
1 0.433073 0.849537 0.051562 0.136111
1 0.408854 0.954630 0.089583 0.062963
6 0.395052 0.126852 0.104688 0.111111
5 0.334635 0.418981 0.068229 0.139815
5 0.310937 0.815278 0.083333 0.136111
6 0.184375 0.629167 0.090625 0.121296
6 0.297917 0.676389 0.102083 0.080556
5 0.068229 0.360185 0.061458 0.075926
2 0.100781 0.748611 0.096354 0.141667
