6 0.741927 0.138889 0.082812 0.131481
6 0.394531 0.124537 0.105729 0.102778
6 0.785417 0.856481 0.062500 0.100000
6 0.811979 0.950000 0.035417 0.096296
6 0.837240 0.345833 0.043229 0.139815
1 0.530208 0.063426 0.084375 0.091667
1 0.530208 0.137037 0.092708 0.101852
1 0.519792 0.232870 0.063542 0.071296
1 0.429948 0.223611 0.092188 0.086111
1 0.443490 0.388889 0.050521 0.125926
2 0.518750 0.314352 0.089583 0.080556
1 0.483854 0.568056 0.092708 0.128704
1 0.495052 0.699074 0.068229 0.114815
1 0.448177 0.770833 0.053646 0.136111
1 0.406771 0.842593 0.095833 0.118519
1 0.402344 0.950463 0.108854 0.084259
5 0.309635 0.818981 0.074479 0.108333
5 0.297396 0.300926 0.086458 0.103704
5 0.333333 0.413889 0.063542 0.150000
5 0.162760 0.887963 0.059896 0.135185
0 0.741927 0.443519 0.044271 0.198148
0 0.673958 0.511574 0.115625 0.065741
0 0.654167 0.568981 0.122917 0.073148
0 0.658333 0.662963 0.098958 0.125926
0 0.675260 0.714352 0.074479 0.184259
0 0.711198 0.740278 0.041146 0.204630
0 0.732292 0.738426 0.051042 0.197222
