3 0.676042 0.405093 0.130208 0.171296
0 0.670833 0.515278 0.117708 0.065741
0 0.667188 0.564815 0.094792 0.050000
0 0.653646 0.671759 0.100000 0.143519
0 0.676302 0.713426 0.046354 0.178704
0 0.711458 0.733796 0.032292 0.195370
0 0.739323 0.743519 0.041146 0.211111
6 0.818490 0.939815 0.046354 0.112963
6 0.761719 0.898148 0.077604 0.057407
6 0.741927 0.124537 0.084896 0.080556
6 0.564844 0.354167 0.049479 0.187963
6 0.298438 0.191667 0.103125 0.096296
5 0.292448 0.302778 0.100521 0.088889
5 0.337760 0.406944 0.072396 0.128704
1 0.514062 0.130556 0.066667 0.103704
1 0.508594 0.240278 0.075521 0.086111
1 0.437500 0.421296 0.080208 0.111111
1 0.509635 0.437500 0.067187 0.139815
1 0.429427 0.716667 0.066146 0.122222
1 0.486979 0.562037 0.068750 0.151852
6 0.780729 0.082407 0.061458 0.111111
