3 0.662240 0.408796 0.117188 0.178704
0 0.740885 0.440278 0.024479 0.199074
0 0.667708 0.519907 0.121875 0.067593
0 0.657813 0.573611 0.106250 0.078704
0 0.659115 0.685648 0.104688 0.123148
0 0.708073 0.735648 0.047396 0.191667
0 0.736979 0.743981 0.034375 0.197222
6 0.760156 0.900463 0.070312 0.091667
6 0.767188 0.935185 0.084375 0.103704
6 0.745052 0.119907 0.084896 0.071296
6 0.803125 0.301852 0.091667 0.120370
6 0.396354 0.127315 0.090625 0.089815
5 0.288281 0.310185 0.100521 0.107407
5 0.331771 0.410185 0.066667 0.153704
6 0.307552 0.816204 0.078646 0.126852
6 0.295833 0.682870 0.113542 0.089815
6 0.396094 0.709722 0.086979 0.128704
1 0.515625 0.144907 0.071875 0.093519
1 0.506510 0.250926 0.073438 0.085185
1 0.473177 0.324537 0.075521 0.128704
1 0.440104 0.415741 0.085417 0.088889
1 0.489844 0.687963 0.104688 0.107407
1 0.432812 0.858333 0.057292 0.122222
1 0.405208 0.955093 0.090625 0.075000
2 0.108854 0.761574 0.096875 0.154630
5 0.165625 0.886111 0.061458 0.144444
