0 0.690885 0.456019 0.077604 0.149074
0 0.752083 0.441204 0.038542 0.189815
0 0.650260 0.568519 0.115104 0.057407
0 0.656250 0.683333 0.101042 0.170370
0 0.682292 0.712963 0.058333 0.168519
0 0.715885 0.724074 0.042188 0.164815
1 0.506510 0.067130 0.057812 0.084259
1 0.497656 0.231944 0.079687 0.076852
1 0.441406 0.153241 0.084896 0.065741
1 0.478125 0.459722 0.059375 0.156481
1 0.438542 0.590741 0.086458 0.120370
1 0.475521 0.725926 0.091667 0.107407
1 0.445573 0.851389 0.052604 0.158333
5 0.663802 0.112963 0.061979 0.129630
5 0.593229 0.104167 0.069792 0.093519
5 0.593490 0.195370 0.077604 0.125926
5 0.607812 0.360185 0.088542 0.107407
3 0.674479 0.233333 0.084375 0.168519
6 0.823437 0.920370 0.062500 0.112963
6 0.751563 0.934722 0.065625 0.102778
6 0.769271 0.956019 0.060417 0.087963
6 0.279167 0.655093 0.082292 0.156481
6 0.296094 0.757870 0.077604 0.186111
5 0.751823 0.175000 0.048438 0.101852
