5 0.291927 0.297685 0.083854 0.093519
3 0.345833 0.148611 0.131250 0.175000
5 0.848177 0.349074 0.049479 0.164815
1 0.523177 0.068056 0.084896 0.071296
1 0.511458 0.136574 0.065625 0.082407
1 0.518750 0.209722 0.085417 0.093519
1 0.521094 0.300000 0.084896 0.055556
1 0.439583 0.637963 0.072917 0.111111
1 0.447396 0.743519 0.062500 0.122222
1 0.407552 0.873611 0.075521 0.102778
0 0.739583 0.439352 0.033333 0.200926
0 0.679427 0.510648 0.104688 0.075000
0 0.641146 0.601389 0.092708 0.084259
0 0.662240 0.626389 0.113021 0.119444
0 0.704688 0.727778 0.023958 0.211111
0 0.739583 0.740278 0.035417 0.204630
2 0.208073 0.460648 0.107812 0.117593
6 0.712240 0.924074 0.075521 0.112963
6 0.820052 0.202315 0.059896 0.071296
6 0.672396 0.101389 0.084375 0.152778
