5 0.294792 0.307407 0.091667 0.116667
5 0.334115 0.405093 0.067187 0.150926
5 0.310937 0.821759 0.069792 0.115741
5 0.159115 0.873148 0.046354 0.114815
2 0.097917 0.761574 0.086458 0.171296
0 0.735417 0.442593 0.037500 0.203704
0 0.664323 0.509259 0.110937 0.057407
0 0.672396 0.566204 0.101042 0.063889
0 0.649219 0.670833 0.100521 0.141667
0 0.673438 0.724074 0.075000 0.207407
0 0.712500 0.746296 0.030208 0.212963
0 0.736198 0.742130 0.047396 0.193519
1 0.397135 0.950463 0.102604 0.073148
1 0.437500 0.758796 0.056250 0.137963
1 0.497656 0.705093 0.077604 0.123148
1 0.447656 0.386574 0.056771 0.141667
1 0.430990 0.222222 0.099479 0.072222
1 0.523177 0.125463 0.082812 0.086111
2 0.504427 0.313889 0.107812 0.103704
6 0.840625 0.351389 0.040625 0.139815
6 0.743490 0.134722 0.071354 0.089815
6 0.384635 0.116204 0.114062 0.089815
