0 0.758073 0.456944 0.031771 0.212037
0 0.674740 0.496296 0.105729 0.100000
1 0.453646 0.176389 0.094792 0.095370
1 0.493490 0.247685 0.069271 0.139815
1 0.505990 0.395370 0.082812 0.101852
1 0.493490 0.664815 0.103646 0.075926
1 0.417448 0.743981 0.082812 0.078704
1 0.479427 0.775000 0.083854 0.162963
3 0.381250 0.860185 0.122917 0.172222
6 0.604688 0.905093 0.090625 0.086111
6 0.741406 0.340741 0.073438 0.100000
5 0.288802 0.537500 0.059896 0.178704
5 0.355469 0.506019 0.073438 0.134259
2 0.042448 0.679167 0.050521 0.186111
5 0.110417 0.376389 0.061458 0.113889
6 0.820052 0.377315 0.045312 0.187963
6 0.750521 0.158796 0.083333 0.137963
6 0.576562 0.777778 0.105208 0.114815
