6 0.745573 0.131481 0.081771 0.116667
6 0.843229 0.357407 0.045833 0.131481
1 0.531771 0.047685 0.089583 0.087963
1 0.443490 0.208796 0.098437 0.095370
1 0.446615 0.393519 0.046354 0.166667
1 0.508594 0.420833 0.103646 0.086111
1 0.469792 0.660185 0.052083 0.151852
1 0.441927 0.763426 0.045312 0.158333
1 0.403125 0.950463 0.090625 0.073148
5 0.308073 0.819907 0.073438 0.115741
5 0.294792 0.304630 0.089583 0.092593
5 0.333333 0.407870 0.065625 0.152778
5 0.208594 0.847685 0.068229 0.078704
3 0.572656 0.298611 0.179688 0.091667
0 0.736979 0.448148 0.030208 0.207407
0 0.662240 0.562500 0.106771 0.075000
0 0.665365 0.664815 0.104688 0.118519
0 0.672396 0.716204 0.080208 0.187963
0 0.707031 0.742130 0.045312 0.208333
0 0.741406 0.750926 0.036979 0.200000
6 0.824740 0.192593 0.040104 0.127778
