0 0.670312 0.500463 0.098958 0.137963
0 0.708073 0.718519 0.088021 0.264815
6 0.822135 0.239352 0.053646 0.119444
6 0.603906 0.907407 0.102604 0.101852
6 0.572656 0.784259 0.108854 0.101852
1 0.491406 0.270833 0.085938 0.125000
1 0.512760 0.393056 0.081771 0.084259
1 0.498437 0.521296 0.093750 0.068519
1 0.488802 0.666667 0.078646 0.150000
1 0.438542 0.865741 0.044792 0.118519
2 0.037760 0.680093 0.057812 0.184259
5 0.357812 0.503704 0.082292 0.129630
6 0.375000 0.660648 0.116667 0.073148
6 0.186458 0.878704 0.070833 0.166667
6 0.766146 0.183796 0.052083 0.173148
