6 0.743490 0.138889 0.077604 0.105556
6 0.825260 0.206019 0.073438 0.097222
6 0.839062 0.348611 0.033333 0.145370
6 0.775000 0.337963 0.064583 0.185185
0 0.661719 0.547685 0.099479 0.076852
0 0.747396 0.749074 0.033333 0.190741
0 0.714844 0.742130 0.042188 0.193519
0 0.687500 0.716667 0.066667 0.172222
0 0.669271 0.683333 0.084375 0.162963
3 0.567708 0.303704 0.183333 0.094444
1 0.469271 0.669444 0.057292 0.170370
1 0.402604 0.819907 0.093750 0.076852
1 0.412240 0.942593 0.115104 0.072222
1 0.524219 0.062963 0.086979 0.068519
1 0.514062 0.184259 0.088542 0.107407
5 0.296875 0.301852 0.093750 0.094444
5 0.330469 0.405093 0.074479 0.147222
5 0.306510 0.818056 0.068229 0.102778
0 0.738542 0.436574 0.035417 0.202778
1 0.501823 0.426389 0.110937 0.089815
2 0.099219 0.743519 0.071354 0.179630
