2 0.205469 0.459722 0.106771 0.102778
3 0.345313 0.100926 0.097917 0.159259
0 0.740885 0.733796 0.033854 0.217593
0 0.686979 0.711574 0.048958 0.236111
0 0.651302 0.638889 0.113021 0.131481
0 0.677865 0.507407 0.097396 0.061111
0 0.745573 0.441667 0.021354 0.177778
1 0.415885 0.878241 0.088021 0.097222
1 0.511979 0.423611 0.094792 0.095370
1 0.519271 0.306481 0.116667 0.064815
1 0.518229 0.211574 0.090625 0.067593
1 0.517708 0.128704 0.093750 0.057407
6 0.698177 0.154167 0.081771 0.139815
6 0.729948 0.109259 0.102604 0.079630
6 0.814844 0.206944 0.051562 0.076852
6 0.840885 0.357407 0.044271 0.151852
6 0.819531 0.396296 0.054688 0.103704
6 0.831771 0.842593 0.036458 0.161111
6 0.296875 0.304630 0.102083 0.103704
6 0.588802 0.312037 0.068229 0.168519
6 0.713281 0.929167 0.075521 0.123148
