1 0.471354 0.374537 0.033333 0.162037
1 0.457292 0.170833 0.067708 0.134259
1 0.425521 0.533333 0.094792 0.062963
5 0.524740 0.567593 0.083854 0.112963
6 0.665885 0.213426 0.075521 0.097222
6 0.307552 0.618519 0.110937 0.118519
3 0.468229 0.898148 0.156250 0.161111
0 0.705729 0.444444 0.072917 0.168519
0 0.722917 0.446296 0.058333 0.168519
0 0.678906 0.465278 0.090104 0.137963
0 0.654687 0.618981 0.102083 0.091667
0 0.670312 0.684259 0.060417 0.161111
0 0.701562 0.691667 0.038542 0.157407
1 0.497135 0.711574 0.106771 0.097222
0 0.727344 0.699537 0.057812 0.137963
6 0.628646 0.924074 0.091667 0.062963
5 0.600000 0.788426 0.064583 0.086111
6 0.106771 0.920833 0.052083 0.139815
6 0.834635 0.927315 0.054688 0.126852
6 0.818490 0.774074 0.040104 0.157407
6 0.705729 0.846759 0.060417 0.149074
