5 0.296875 0.307407 0.093750 0.105556
3 0.333073 0.164815 0.144271 0.146296
1 0.518229 0.134259 0.060417 0.092593
1 0.523698 0.211574 0.077604 0.089815
1 0.524219 0.301852 0.098437 0.070370
1 0.515104 0.423611 0.094792 0.091667
1 0.430990 0.648611 0.067187 0.147222
1 0.469792 0.689352 0.062500 0.134259
2 0.200521 0.473611 0.094792 0.137963
6 0.744010 0.126389 0.089063 0.091667
0 0.739062 0.453241 0.028125 0.204630
0 0.686979 0.507407 0.095833 0.061111
0 0.648177 0.605556 0.119271 0.111111
0 0.704688 0.720370 0.023958 0.200000
0 0.736198 0.741204 0.049479 0.195370
0 0.832292 0.824537 0.055208 0.182407
6 0.660156 0.095833 0.082812 0.149074
6 0.839323 0.347222 0.041146 0.166667
6 0.809635 0.385185 0.080729 0.114815
5 0.060417 0.813889 0.056250 0.100000
5 0.293490 0.670833 0.082812 0.084259
