0 0.753385 0.443519 0.043229 0.192593
0 0.674479 0.502778 0.092708 0.120370
3 0.715625 0.710648 0.092708 0.256481
6 0.576562 0.784722 0.096875 0.097222
6 0.601302 0.901389 0.090104 0.082407
6 0.180990 0.868056 0.071354 0.134259
6 0.110937 0.921296 0.054167 0.068519
6 0.767448 0.183333 0.047396 0.170370
1 0.465625 0.124537 0.101042 0.110185
1 0.433333 0.215741 0.098958 0.070370
1 0.492969 0.280556 0.068229 0.124074
1 0.509635 0.394907 0.088021 0.095370
1 0.439583 0.379167 0.058333 0.145370
1 0.499479 0.522685 0.093750 0.080556
1 0.481771 0.686574 0.072917 0.154630
1 0.446094 0.857870 0.039062 0.145370
5 0.358594 0.503241 0.079687 0.132407
6 0.372396 0.656481 0.123958 0.062963
6 0.429948 0.553704 0.039062 0.161111
6 0.322396 0.725926 0.060417 0.175926
2 0.030729 0.685648 0.055208 0.180556
