6 0.604167 0.906019 0.095833 0.084259
6 0.577083 0.780556 0.102083 0.090741
6 0.818750 0.236574 0.064583 0.117593
1 0.454948 0.121759 0.105729 0.121296
1 0.489063 0.285185 0.068750 0.103704
1 0.442969 0.203704 0.118229 0.062963
1 0.512240 0.389815 0.076563 0.116667
1 0.501042 0.525926 0.086458 0.077778
1 0.481250 0.677778 0.065625 0.168519
1 0.449219 0.846759 0.045312 0.102778
1 0.429427 0.948611 0.058854 0.091667
0 0.756250 0.440278 0.034375 0.191667
0 0.676302 0.503241 0.108854 0.132407
3 0.716146 0.717593 0.085417 0.238889
6 0.431510 0.553241 0.044271 0.191667
6 0.378646 0.658796 0.119792 0.080556
2 0.038281 0.682870 0.068229 0.200926
6 0.322396 0.729630 0.058333 0.175926
5 0.357812 0.510648 0.096875 0.128704
6 0.177865 0.871759 0.053646 0.141667
