2 0.046354 0.676389 0.077083 0.176852
0 0.753385 0.447685 0.047396 0.200926
0 0.666406 0.494907 0.089063 0.128704
0 0.712240 0.710648 0.077604 0.263889
6 0.766667 0.181019 0.055208 0.158333
6 0.599219 0.905093 0.085938 0.071296
6 0.647135 0.749074 0.044271 0.203704
6 0.573438 0.773611 0.098958 0.130556
1 0.452083 0.132407 0.106250 0.111111
1 0.445833 0.212037 0.093750 0.059259
1 0.495573 0.279630 0.077604 0.114815
1 0.510677 0.397685 0.101562 0.097222
1 0.440885 0.380556 0.079687 0.159259
1 0.491927 0.527778 0.089063 0.087037
5 0.360417 0.498148 0.081250 0.118519
6 0.430990 0.559722 0.045312 0.199074
6 0.369010 0.659722 0.113021 0.075000
1 0.446615 0.867130 0.038021 0.150926
1 0.403646 0.731944 0.085417 0.076852
1 0.489844 0.670370 0.074479 0.179630
6 0.109375 0.915741 0.051042 0.075926
