6 0.287500 0.540278 0.096875 0.065741
6 0.308594 0.059259 0.078646 0.111111
3 0.475260 0.901389 0.140104 0.158333
1 0.493490 0.724537 0.116146 0.087963
1 0.422917 0.531944 0.097917 0.075000
1 0.474740 0.385648 0.052604 0.143519
1 0.458073 0.176852 0.071354 0.116667
0 0.722396 0.443519 0.059375 0.162963
0 0.701302 0.443519 0.077604 0.188889
0 0.673438 0.450463 0.086458 0.141667
0 0.651823 0.532870 0.109896 0.080556
0 0.655729 0.612037 0.091667 0.109259
0 0.674479 0.682870 0.054167 0.182407
0 0.691927 0.683796 0.039062 0.141667
5 0.601823 0.789352 0.072396 0.087963
