6 0.827604 0.214815 0.047917 0.153704
6 0.681510 0.821759 0.050521 0.160185
6 0.581250 0.825000 0.053125 0.155556
6 0.803385 0.420370 0.091146 0.127778
0 0.702604 0.476852 0.096875 0.129630
0 0.668229 0.494444 0.101042 0.111111
3 0.631250 0.554630 0.159375 0.166667
0 0.661719 0.634722 0.109896 0.075000
0 0.731250 0.723148 0.039583 0.177778
1 0.429427 0.919444 0.054688 0.129630
1 0.459375 0.818981 0.059375 0.139815
1 0.453125 0.619907 0.039583 0.143519
1 0.496094 0.543981 0.078646 0.095370
1 0.435937 0.485648 0.067708 0.121296
1 0.496354 0.398148 0.065625 0.118519
1 0.429427 0.349537 0.056771 0.147222
6 0.330208 0.568056 0.085417 0.125000
6 0.326562 0.168519 0.082292 0.161111
5 0.184896 0.818056 0.069792 0.145370
