6 0.767188 0.178241 0.050000 0.149074
0 0.755729 0.453241 0.035417 0.189815
0 0.669792 0.501389 0.087500 0.136111
3 0.715104 0.713426 0.093750 0.258333
6 0.572917 0.776389 0.097917 0.136111
6 0.603906 0.904167 0.089063 0.084259
2 0.032292 0.685648 0.056250 0.180556
5 0.177344 0.356481 0.076563 0.100000
5 0.356510 0.507870 0.079687 0.149074
1 0.447396 0.853241 0.060417 0.136111
1 0.493750 0.531019 0.092708 0.076852
1 0.472917 0.674537 0.094792 0.137963
1 0.439062 0.381019 0.055208 0.145370
1 0.510938 0.397685 0.088542 0.097222
1 0.439323 0.223148 0.080729 0.081481
1 0.448177 0.132870 0.101562 0.086111
6 0.178906 0.863426 0.051562 0.136111
6 0.106250 0.921296 0.061458 0.072222
