6 0.807031 0.426389 0.081771 0.093519
6 0.685417 0.830556 0.062500 0.148148
6 0.827344 0.219444 0.045312 0.127778
6 0.743490 0.261574 0.075521 0.132407
6 0.771615 0.897685 0.043229 0.189815
5 0.179427 0.820833 0.054688 0.139815
6 0.322656 0.157870 0.080729 0.143519
6 0.417708 0.150463 0.117708 0.093519
6 0.326042 0.568056 0.087500 0.125000
0 0.702083 0.472222 0.097917 0.124074
0 0.673177 0.495370 0.108854 0.112963
3 0.618490 0.567130 0.170313 0.184259
0 0.726823 0.750000 0.044271 0.188889
1 0.427865 0.918519 0.053646 0.120370
1 0.456771 0.823611 0.070833 0.141667
1 0.451042 0.621296 0.051042 0.166667
1 0.503125 0.539352 0.086458 0.100926
1 0.443750 0.491204 0.064583 0.143519
1 0.496094 0.409722 0.080729 0.134259
1 0.465885 0.249074 0.072396 0.150000
