6 0.832031 0.222222 0.049479 0.142593
6 0.790365 0.193519 0.050521 0.187037
6 0.685937 0.825463 0.053125 0.152778
6 0.575000 0.834259 0.053125 0.162963
6 0.328125 0.564352 0.089583 0.125000
0 0.703646 0.475926 0.098958 0.120370
0 0.670573 0.492593 0.108854 0.118519
3 0.625521 0.557407 0.176042 0.175926
0 0.665365 0.636111 0.104688 0.064815
0 0.728125 0.755093 0.033333 0.195370
1 0.427865 0.921296 0.055729 0.125926
1 0.464583 0.818056 0.060417 0.156481
1 0.451562 0.621296 0.042708 0.174074
1 0.497396 0.400463 0.057292 0.115741
1 0.506510 0.535185 0.079687 0.101852
1 0.438021 0.482870 0.069792 0.123148
1 0.523177 0.088889 0.072396 0.070370
5 0.182292 0.819907 0.062500 0.137963
6 0.321094 0.165741 0.081771 0.170370
6 0.803125 0.422222 0.091667 0.109259
