6 0.828646 0.211574 0.050000 0.154630
6 0.738542 0.233333 0.063542 0.164815
6 0.579688 0.826852 0.056250 0.151852
6 0.683594 0.827315 0.050521 0.145370
0 0.703125 0.468519 0.085417 0.105556
0 0.665104 0.488426 0.094792 0.102778
3 0.622917 0.564815 0.161458 0.161111
1 0.421875 0.915741 0.037500 0.122222
1 0.460677 0.821759 0.076563 0.141667
1 0.453125 0.630556 0.045833 0.157407
1 0.492969 0.535185 0.072396 0.066667
1 0.432031 0.506019 0.071354 0.137963
1 0.497917 0.408333 0.062500 0.111111
1 0.475781 0.267130 0.076563 0.143519
6 0.322656 0.164815 0.089063 0.168519
6 0.329688 0.566204 0.084375 0.125000
5 0.178385 0.816204 0.056771 0.134259
2 0.110937 0.721296 0.068750 0.212963
0 0.728906 0.728704 0.040104 0.155556
6 0.808333 0.429167 0.092708 0.115741
