0 0.701042 0.478241 0.089583 0.136111
0 0.657813 0.630093 0.119792 0.087963
3 0.612500 0.535648 0.192708 0.147222
6 0.661719 0.772222 0.047396 0.172222
6 0.572656 0.771759 0.044271 0.191667
6 0.787240 0.808333 0.110937 0.064815
6 0.801042 0.318981 0.063542 0.143519
6 0.804948 0.442593 0.111979 0.092593
6 0.564063 0.208796 0.093750 0.112037
1 0.442969 0.116204 0.107812 0.093519
1 0.526563 0.062963 0.057292 0.064815
1 0.456771 0.253241 0.056250 0.134259
1 0.497917 0.401389 0.070833 0.125000
1 0.439062 0.422685 0.093750 0.093519
6 0.329167 0.569907 0.076042 0.121296
5 0.183594 0.818981 0.052604 0.167593
6 0.072656 0.872685 0.044271 0.147222
6 0.168750 0.300926 0.055208 0.111111
1 0.429948 0.669444 0.099479 0.101852
