6 0.830469 0.224074 0.044271 0.133333
6 0.669010 0.837037 0.051562 0.150000
6 0.581250 0.826389 0.037500 0.147222
6 0.666146 0.107407 0.090625 0.125926
6 0.328125 0.567130 0.087500 0.115741
1 0.451823 0.852315 0.076563 0.145370
1 0.419271 0.751389 0.092708 0.080556
1 0.426563 0.587500 0.094792 0.082407
1 0.479948 0.543981 0.042188 0.087963
1 0.516927 0.420370 0.076563 0.112963
1 0.430990 0.395370 0.088021 0.112963
6 0.514583 0.706481 0.071875 0.164815
5 0.173958 0.820833 0.051042 0.154630
2 0.127083 0.730093 0.056250 0.152778
0 0.722135 0.462500 0.081771 0.128704
0 0.712240 0.717593 0.069271 0.151852
3 0.653906 0.459722 0.107812 0.310185
3 0.630990 0.238889 0.181771 0.105556
6 0.325000 0.161111 0.069792 0.157407
1 0.457031 0.162037 0.081771 0.174074
