3 0.644271 0.446296 0.122917 0.322222
0 0.714844 0.474074 0.078646 0.120370
0 0.713542 0.733796 0.066667 0.184259
6 0.670312 0.830093 0.058333 0.143519
6 0.824740 0.224074 0.040104 0.129630
6 0.322135 0.564815 0.079687 0.114815
6 0.574219 0.826389 0.051562 0.136111
6 0.271354 0.914815 0.096875 0.120370
6 0.320052 0.153241 0.088021 0.152778
3 0.625000 0.250000 0.191667 0.116667
1 0.466667 0.151389 0.068750 0.141667
1 0.418229 0.745833 0.090625 0.078704
1 0.427865 0.587037 0.101562 0.074074
6 0.408333 0.527778 0.084375 0.144444
1 0.433854 0.393056 0.093750 0.137963
5 0.175781 0.828704 0.051562 0.151852
3 0.121094 0.718519 0.080729 0.175926
