6 0.839844 0.387963 0.052604 0.140741
6 0.813021 0.775000 0.043750 0.144444
0 0.711719 0.737500 0.072396 0.180556
0 0.803385 0.161111 0.048438 0.125926
0 0.679948 0.207870 0.081771 0.067593
6 0.523177 0.893519 0.094271 0.098148
1 0.437500 0.910185 0.040625 0.100000
1 0.395573 0.860185 0.085938 0.092593
1 0.446094 0.755556 0.067187 0.098148
1 0.479948 0.663889 0.086979 0.066667
1 0.439583 0.461574 0.058333 0.149074
1 0.504167 0.435648 0.086458 0.086111
1 0.449740 0.356019 0.082812 0.076852
1 0.504427 0.202315 0.079687 0.089815
0 0.704167 0.430093 0.048958 0.186111
3 0.621875 0.579167 0.157292 0.193519
5 0.183073 0.819907 0.053646 0.141667
2 0.128125 0.705093 0.068750 0.180556
6 0.183073 0.442593 0.077604 0.157407
6 0.276302 0.599537 0.102604 0.091667
6 0.273698 0.843981 0.057812 0.136111
6 0.448698 0.256944 0.070312 0.126852
