6 0.606771 0.874537 0.072917 0.089815
6 0.755469 0.352778 0.067187 0.103704
6 0.294271 0.292130 0.068750 0.132407
6 0.362500 0.174074 0.069792 0.179630
6 0.283333 0.762500 0.054167 0.206481
3 0.618490 0.551852 0.182812 0.172222
0 0.664323 0.651389 0.086979 0.119444
0 0.710677 0.717593 0.080729 0.162963
0 0.704167 0.455093 0.057292 0.193519
2 0.123698 0.703241 0.047396 0.199074
1 0.454167 0.952315 0.081250 0.084259
1 0.466146 0.871759 0.089583 0.091667
1 0.434375 0.765278 0.060417 0.136111
1 0.481771 0.682870 0.094792 0.086111
1 0.458594 0.569907 0.052604 0.139815
1 0.473177 0.465278 0.051562 0.091667
1 0.504948 0.396759 0.086979 0.095370
1 0.446094 0.260648 0.097396 0.073148
1 0.459115 0.149537 0.055729 0.156481
