0 0.706771 0.457870 0.070833 0.191667
3 0.624479 0.583333 0.152083 0.188889
0 0.712760 0.731019 0.082812 0.182407
6 0.839323 0.385648 0.051562 0.143519
6 0.802344 0.156481 0.038021 0.109259
6 0.646094 0.229167 0.098437 0.086111
6 0.530729 0.889815 0.089583 0.077778
6 0.821354 0.769444 0.060417 0.162963
6 0.063021 0.845833 0.091667 0.067593
2 0.128646 0.708796 0.057292 0.191667
5 0.179948 0.821759 0.053646 0.134259
6 0.283854 0.856481 0.065625 0.172222
1 0.441146 0.970370 0.065625 0.059259
1 0.425000 0.867130 0.069792 0.128704
1 0.434635 0.741204 0.080729 0.099074
1 0.485937 0.662037 0.088542 0.074074
1 0.462760 0.561574 0.102604 0.076852
1 0.497917 0.446296 0.066667 0.068519
1 0.433594 0.459722 0.072396 0.134259
1 0.446094 0.359259 0.097396 0.105556
1 0.444531 0.254630 0.078646 0.125926
1 0.502083 0.212963 0.060417 0.103704
1 0.462240 0.124537 0.075521 0.134259
6 0.369792 0.203241 0.094792 0.180556
6 0.179167 0.448148 0.063542 0.157407
