0 0.705208 0.729630 0.093750 0.175926
0 0.701302 0.442593 0.043229 0.175926
3 0.624479 0.580556 0.147917 0.179630
6 0.798438 0.150926 0.038542 0.107407
6 0.838281 0.389352 0.047396 0.137963
6 0.813021 0.774074 0.057292 0.157407
6 0.525781 0.888889 0.071354 0.100000
6 0.615885 0.395833 0.080729 0.125000
6 0.542708 0.522685 0.057292 0.199074
1 0.429948 0.899074 0.065104 0.174074
1 0.429948 0.756481 0.088021 0.103704
1 0.484896 0.657407 0.090625 0.064815
1 0.435677 0.457870 0.078646 0.134259
1 0.503906 0.445833 0.106771 0.082407
1 0.448437 0.359259 0.088542 0.098148
1 0.507292 0.210648 0.062500 0.123148
1 0.456510 0.142593 0.102604 0.127778
6 0.278906 0.602315 0.109896 0.100926
6 0.059896 0.857407 0.093750 0.062963
6 0.273177 0.847685 0.048438 0.143519
6 0.314583 0.949537 0.092708 0.082407
5 0.184896 0.817130 0.055208 0.143519
2 0.121615 0.703241 0.073438 0.187963
6 0.327604 0.106481 0.042708 0.212963
5 0.096094 0.313889 0.051562 0.100000
6 0.182552 0.429167 0.076563 0.145370
