6 0.115885 0.924537 0.050521 0.125000
6 0.278125 0.535185 0.094792 0.066667
6 0.314063 0.059259 0.081250 0.114815
2 0.477865 0.905093 0.153646 0.178704
1 0.427083 0.534259 0.091667 0.068519
1 0.474740 0.388889 0.046354 0.142593
1 0.462240 0.181944 0.081771 0.126852
5 0.518750 0.569907 0.085417 0.104630
5 0.598698 0.787500 0.072396 0.076852
5 0.623958 0.972222 0.084375 0.044444
5 0.667448 0.206019 0.076563 0.104630
0 0.732812 0.685185 0.040625 0.101852
0 0.698177 0.702778 0.039062 0.157407
0 0.678125 0.695370 0.063542 0.172222
0 0.656771 0.635648 0.106250 0.134259
0 0.660937 0.541204 0.121875 0.071296
0 0.668750 0.475926 0.087500 0.162963
0 0.704167 0.456944 0.071875 0.182407
0 0.726302 0.457407 0.055729 0.168519
