0 0.705208 0.452315 0.059375 0.210185
0 0.711719 0.726852 0.080729 0.166667
3 0.623437 0.579630 0.150000 0.174074
0 0.836719 0.381944 0.054688 0.139815
2 0.123437 0.707870 0.061458 0.182407
5 0.180990 0.809259 0.065104 0.155556
6 0.277865 0.850463 0.053646 0.149074
6 0.279687 0.605556 0.102083 0.114815
6 0.183594 0.438426 0.072396 0.145370
6 0.364323 0.218519 0.088021 0.150000
6 0.335156 0.098611 0.045312 0.175000
1 0.433854 0.968519 0.057292 0.051852
1 0.426563 0.879167 0.058333 0.141667
1 0.428906 0.750926 0.081771 0.092593
1 0.478906 0.659722 0.084896 0.071296
1 0.431510 0.459722 0.080729 0.156481
1 0.443750 0.358796 0.096875 0.086111
1 0.507031 0.200926 0.064062 0.114815
6 0.059375 0.848611 0.096875 0.080556
6 0.799479 0.151389 0.040625 0.119444
