5 0.178906 0.818981 0.059896 0.139815
3 0.127083 0.705093 0.070833 0.173148
6 0.613802 0.395370 0.070312 0.174074
6 0.803906 0.153241 0.036979 0.115741
6 0.841146 0.385185 0.057292 0.157407
6 0.678906 0.208796 0.083854 0.073148
3 0.624479 0.576389 0.166667 0.180556
0 0.711719 0.733796 0.082812 0.180556
1 0.429948 0.906019 0.041146 0.119444
1 0.407812 0.837963 0.081250 0.094444
1 0.439583 0.746759 0.060417 0.080556
1 0.483854 0.669444 0.092708 0.070370
1 0.437500 0.457870 0.070833 0.134259
1 0.502604 0.433796 0.085417 0.086111
1 0.448437 0.361111 0.088542 0.087037
1 0.451562 0.252778 0.084375 0.096296
1 0.503385 0.202778 0.075521 0.064815
1 0.513021 0.129630 0.068750 0.120370
1 0.274740 0.841204 0.055729 0.130556
1 0.526563 0.886111 0.100000 0.094444
1 0.181510 0.449074 0.074479 0.166667
