2 0.128125 0.705556 0.066667 0.162963
5 0.179427 0.814352 0.050521 0.149074
3 0.616667 0.569907 0.156250 0.150926
0 0.712240 0.722222 0.067187 0.172222
6 0.835677 0.386111 0.044271 0.159259
6 0.801042 0.152315 0.035417 0.117593
6 0.668750 0.208796 0.089583 0.102778
6 0.277604 0.608333 0.097917 0.077778
6 0.271615 0.835185 0.049479 0.146296
1 0.452865 0.131481 0.078646 0.109259
1 0.505990 0.200000 0.070312 0.094444
1 0.444531 0.251852 0.086979 0.120370
1 0.446615 0.354630 0.086979 0.100000
1 0.440365 0.467130 0.082812 0.134259
1 0.470312 0.551852 0.100000 0.072222
1 0.485937 0.660185 0.090625 0.070370
1 0.434635 0.751852 0.074479 0.120370
1 0.428385 0.891667 0.056771 0.151852
6 0.529167 0.887037 0.103125 0.092593
6 0.184375 0.429167 0.092708 0.141667
6 0.329948 0.101389 0.049479 0.191667
