6 0.831771 0.174074 0.038542 0.175926
6 0.309375 0.780556 0.056250 0.170370
6 0.284375 0.502778 0.040625 0.188889
6 0.347656 0.376389 0.078646 0.171296
6 0.207812 0.481944 0.058333 0.182407
6 0.105729 0.839352 0.064583 0.091667
6 0.729948 0.067130 0.084896 0.087963
6 0.791927 0.443056 0.071354 0.136111
6 0.620833 0.174537 0.068750 0.180556
6 0.528125 0.913889 0.090625 0.107407
1 0.441667 0.843056 0.056250 0.134259
1 0.454687 0.725000 0.064583 0.109259
1 0.436979 0.425463 0.079167 0.099074
1 0.441146 0.339815 0.087500 0.109259
1 0.469271 0.270833 0.065625 0.128704
1 0.468229 0.083333 0.076042 0.074074
3 0.650260 0.468519 0.104688 0.277778
5 0.235417 0.908333 0.063542 0.161111
2 0.117448 0.703704 0.061979 0.170370
