2 0.127083 0.715278 0.068750 0.186111
3 0.646615 0.443519 0.114062 0.266667
6 0.833594 0.228704 0.050521 0.166667
6 0.618490 0.182870 0.077604 0.158333
6 0.527604 0.911111 0.091667 0.112963
6 0.535677 0.712500 0.101562 0.095370
1 0.439844 0.810185 0.049479 0.129630
1 0.451562 0.717130 0.062500 0.128704
1 0.430729 0.501852 0.095833 0.057407
1 0.433073 0.334259 0.085938 0.112963
1 0.505469 0.323611 0.045312 0.187963
1 0.464844 0.080556 0.072396 0.072222
6 0.285677 0.500000 0.051562 0.203704
6 0.351302 0.370833 0.069271 0.178704
6 0.774219 0.408796 0.100521 0.147222
6 0.203906 0.479167 0.047396 0.195370
