6 0.836719 0.389815 0.042188 0.159259
6 0.803646 0.150463 0.032292 0.117593
6 0.270573 0.839352 0.036979 0.141667
6 0.377865 0.266204 0.078646 0.123148
5 0.178906 0.822685 0.051562 0.139815
2 0.130729 0.707870 0.061458 0.182407
6 0.280729 0.609259 0.085417 0.103704
6 0.685156 0.194444 0.075521 0.087037
6 0.345313 0.129167 0.081250 0.182407
6 0.717708 0.453704 0.070833 0.168519
2 0.610938 0.523611 0.161458 0.143519
1 0.440625 0.467130 0.066667 0.141667
1 0.447135 0.349537 0.085938 0.089815
1 0.507031 0.220370 0.066146 0.088889
1 0.519010 0.145370 0.074479 0.064815
1 0.516146 0.093981 0.107292 0.065741
1 0.504687 0.431019 0.087500 0.102778
1 0.487760 0.652315 0.084896 0.117593
1 0.434375 0.737500 0.092708 0.091667
1 0.394792 0.844444 0.091667 0.111111
6 0.175260 0.460648 0.080729 0.154630
