6 0.759635 0.379167 0.097396 0.095370
6 0.829688 0.236574 0.056250 0.136111
6 0.672396 0.737500 0.072917 0.091667
6 0.531771 0.716204 0.102083 0.087963
6 0.535937 0.915741 0.091667 0.111111
6 0.463021 0.556481 0.097917 0.074074
6 0.614323 0.185648 0.081771 0.137963
6 0.348698 0.369907 0.072396 0.152778
6 0.295312 0.489352 0.058333 0.150926
2 0.123958 0.708796 0.050000 0.163889
1 0.450000 0.719907 0.061458 0.134259
1 0.438542 0.501852 0.094792 0.064815
1 0.441406 0.343981 0.080729 0.104630
1 0.471354 0.263426 0.061458 0.100926
3 0.651823 0.445370 0.101562 0.242593
