6 0.840885 0.379167 0.050521 0.149074
6 0.802865 0.155093 0.039062 0.115741
6 0.683594 0.197685 0.076563 0.080556
6 0.284635 0.607407 0.081771 0.100000
6 0.381510 0.254630 0.075521 0.118519
6 0.275781 0.847685 0.049479 0.139815
6 0.533854 0.888889 0.100000 0.088889
6 0.343229 0.113426 0.085417 0.191667
5 0.176302 0.811574 0.048438 0.136111
5 0.130990 0.709722 0.074479 0.182407
1 0.471094 0.106481 0.075521 0.116667
1 0.513281 0.201389 0.074479 0.134259
1 0.452604 0.347222 0.075000 0.111111
1 0.495573 0.433333 0.085938 0.114815
1 0.442969 0.947222 0.047396 0.098148
1 0.460156 0.861111 0.045312 0.138889
1 0.392969 0.845370 0.080729 0.109259
0 0.705469 0.730556 0.080729 0.170370
0 0.714583 0.459722 0.062500 0.163889
3 0.604688 0.517593 0.161458 0.164815
6 0.175781 0.458333 0.077604 0.166667
