6 0.798958 0.440278 0.083333 0.130556
6 0.726823 0.068981 0.094271 0.087963
3 0.660417 0.461574 0.120833 0.267593
6 0.538281 0.709722 0.098437 0.089815
2 0.123437 0.707870 0.061458 0.175000
5 0.232292 0.906944 0.063542 0.154630
6 0.285677 0.501852 0.049479 0.175926
6 0.207552 0.475000 0.044271 0.164815
6 0.481771 0.860185 0.052083 0.137037
6 0.618490 0.184259 0.079687 0.164815
6 0.350260 0.375926 0.077604 0.168519
1 0.414323 0.923611 0.054688 0.145370
1 0.457813 0.722222 0.062500 0.122222
1 0.439844 0.500000 0.081771 0.061111
1 0.439062 0.418519 0.083333 0.094444
1 0.448958 0.347685 0.091667 0.100926
1 0.471094 0.273148 0.077604 0.120370
1 0.466927 0.094907 0.080729 0.078704
