6 0.116927 0.916667 0.050521 0.116667
6 0.278646 0.541204 0.095833 0.067593
6 0.283594 0.864352 0.043229 0.191667
6 0.136979 0.801852 0.056250 0.127778
6 0.318229 0.053704 0.091667 0.107407
3 0.479427 0.906481 0.150521 0.164815
1 0.473698 0.384259 0.048438 0.155556
1 0.460677 0.170370 0.068229 0.114815
1 0.511719 0.635648 0.101562 0.084259
5 0.667969 0.207870 0.071354 0.104630
0 0.739844 0.698148 0.052604 0.124074
0 0.705729 0.709722 0.034375 0.175000
0 0.665885 0.701389 0.039062 0.152778
0 0.657292 0.631481 0.090625 0.120370
0 0.653385 0.538426 0.110937 0.065741
0 0.677604 0.499074 0.090625 0.098148
0 0.722135 0.454630 0.041146 0.174074
0 0.773177 0.482870 0.080729 0.099074
0 0.524740 0.571759 0.083854 0.078704
