6 0.793490 0.443519 0.076563 0.135185
6 0.538281 0.718056 0.108854 0.084259
6 0.831510 0.187500 0.048438 0.191667
6 0.616927 0.181944 0.070312 0.152778
6 0.721615 0.080556 0.074479 0.114815
6 0.288281 0.501852 0.046354 0.172222
6 0.349219 0.387500 0.073438 0.193519
3 0.652344 0.454167 0.110937 0.245370
6 0.532292 0.908796 0.096875 0.093519
1 0.448958 0.716667 0.055208 0.150000
1 0.439062 0.500926 0.095833 0.070370
1 0.433333 0.336111 0.086458 0.101852
1 0.468750 0.273148 0.047917 0.127778
2 0.126562 0.702315 0.059375 0.189815
