6 0.803385 0.443519 0.086979 0.124074
6 0.835677 0.228241 0.035937 0.187963
6 0.532292 0.715278 0.107292 0.086111
6 0.534896 0.911111 0.095833 0.101852
6 0.680990 0.835185 0.097396 0.096296
3 0.651823 0.444444 0.109896 0.253704
2 0.116927 0.707870 0.068229 0.175000
2 0.456771 0.724537 0.056250 0.137963
2 0.430469 0.500000 0.082812 0.050000
2 0.433854 0.343981 0.069792 0.104630
2 0.463281 0.169444 0.049479 0.074074
2 0.461719 0.078704 0.072396 0.057407
6 0.616927 0.183796 0.078646 0.145370
6 0.285156 0.502315 0.044271 0.191667
6 0.342708 0.376389 0.082292 0.186111
