1 0.462240 0.177315 0.073438 0.128704
1 0.469271 0.374537 0.045833 0.132407
1 0.536979 0.346759 0.097917 0.087963
1 0.520573 0.493519 0.101562 0.066667
1 0.428646 0.527778 0.092708 0.066667
1 0.502604 0.627315 0.083333 0.060185
5 0.600781 0.789352 0.068229 0.091667
5 0.664323 0.205093 0.074479 0.095370
0 0.727865 0.445370 0.044271 0.166667
0 0.700781 0.429167 0.050521 0.176852
0 0.673958 0.453241 0.083333 0.128704
0 0.656771 0.531944 0.104167 0.078704
0 0.648698 0.619907 0.099479 0.086111
0 0.668229 0.679167 0.058333 0.162037
0 0.697135 0.706019 0.034896 0.158333
0 0.729167 0.692593 0.059375 0.127778
0 0.766146 0.720370 0.044792 0.150000
5 0.733333 0.257407 0.069792 0.109259
6 0.293490 0.399537 0.108854 0.097222
