6 0.112760 0.919444 0.048438 0.107407
6 0.288021 0.395833 0.095833 0.093519
6 0.343750 0.267130 0.105208 0.086111
6 0.367969 0.637963 0.058854 0.175926
0 0.732812 0.440741 0.058333 0.150000
0 0.716667 0.443519 0.066667 0.185185
0 0.682813 0.466204 0.097917 0.128704
0 0.656250 0.526852 0.112500 0.088889
0 0.662240 0.611111 0.098437 0.100000
0 0.673958 0.664352 0.053125 0.134259
0 0.700521 0.703704 0.032292 0.174074
5 0.832292 0.368056 0.061458 0.141667
5 0.598698 0.775463 0.068229 0.080556
5 0.664844 0.207870 0.077604 0.097222
3 0.483333 0.906019 0.130208 0.173148
6 0.626563 0.916667 0.085417 0.059259
1 0.452604 0.174537 0.062500 0.141667
1 0.470573 0.388889 0.044271 0.150000
1 0.425260 0.535648 0.082812 0.082407
1 0.500000 0.478241 0.080208 0.075000
1 0.484896 0.637037 0.101042 0.087037
