2 0.022135 0.543056 0.044271 0.236111
2 0.016667 0.731944 0.033333 0.180556
2 0.059375 0.701852 0.054167 0.227778
2 0.110417 0.704167 0.048958 0.208333
2 0.149740 0.732870 0.049479 0.175000
2 0.222656 0.594907 0.110937 0.121296
6 0.299740 0.926389 0.073438 0.143519
1 0.464844 0.311111 0.046354 0.177778
1 0.458594 0.559259 0.054688 0.146296
1 0.452604 0.670370 0.052083 0.129630
1 0.408854 0.868056 0.102083 0.080556
3 0.651302 0.448148 0.119271 0.150000
0 0.717187 0.439352 0.051042 0.197222
0 0.650000 0.584259 0.096875 0.114815
