2 0.027344 0.551852 0.044271 0.233333
2 0.024219 0.732870 0.048438 0.150926
2 0.068229 0.702315 0.059375 0.182407
2 0.112500 0.704167 0.059375 0.197222
2 0.151823 0.738426 0.045312 0.139815
2 0.201042 0.539352 0.063542 0.182407
6 0.747396 0.059259 0.065625 0.118519
6 0.773177 0.256019 0.096354 0.086111
3 0.653385 0.448148 0.110937 0.261111
0 0.675000 0.667593 0.085417 0.135185
1 0.486458 0.434259 0.057292 0.162963
1 0.417448 0.475000 0.086979 0.107407
1 0.496615 0.625463 0.081771 0.104630
1 0.399740 0.670370 0.097396 0.100000
6 0.674479 0.920833 0.054167 0.147222
