2 0.023698 0.549537 0.047396 0.241667
2 0.026302 0.738426 0.040104 0.162037
2 0.066406 0.687500 0.050521 0.199074
2 0.118490 0.709722 0.045312 0.197222
2 0.155208 0.710648 0.058333 0.187963
2 0.208073 0.540278 0.077604 0.184259
0 0.661719 0.443519 0.120313 0.262963
0 0.672396 0.662037 0.090625 0.120370
0 0.673958 0.912963 0.053125 0.151852
1 0.491927 0.435185 0.068229 0.157407
1 0.475260 0.603704 0.077604 0.118519
1 0.407552 0.686574 0.077604 0.150926
6 0.783333 0.249074 0.070833 0.129630
6 0.640104 0.156944 0.116667 0.123148
