2 0.020052 0.561111 0.040104 0.225926
2 0.024219 0.740278 0.046354 0.147222
2 0.067969 0.706944 0.045312 0.199074
2 0.112760 0.708796 0.048438 0.184259
2 0.155729 0.711574 0.053125 0.193519
2 0.200260 0.545370 0.073438 0.159259
3 0.650781 0.450926 0.129688 0.274074
1 0.491406 0.460648 0.045312 0.171296
1 0.420312 0.477778 0.092708 0.116667
1 0.406250 0.666667 0.105208 0.075926
1 0.449479 0.756944 0.094792 0.137963
0 0.674479 0.663889 0.090625 0.124074
6 0.748958 0.056481 0.070833 0.112963
6 0.671875 0.916667 0.051042 0.151852
