3 0.669792 0.500000 0.069792 0.279630
6 0.626563 0.485648 0.059375 0.178704
6 0.807292 0.316204 0.066667 0.176852
6 0.279427 0.931019 0.048438 0.137963
6 0.320312 0.940741 0.062500 0.114815
1 0.491927 0.423148 0.058854 0.175926
1 0.457292 0.568981 0.069792 0.149074
1 0.450521 0.718056 0.040625 0.141667
1 0.408854 0.872685 0.097917 0.063889
1 0.438021 0.935185 0.079167 0.103704
2 0.027344 0.556481 0.054688 0.220370
2 0.223437 0.594444 0.126042 0.112963
2 0.019531 0.741667 0.039062 0.157407
2 0.055469 0.700000 0.044271 0.205556
2 0.103125 0.708796 0.063542 0.217593
2 0.157812 0.736574 0.059375 0.143519
