2 0.023698 0.552315 0.047396 0.243519
2 0.017188 0.748148 0.034375 0.159259
2 0.058073 0.704630 0.045312 0.214815
2 0.108854 0.702315 0.050000 0.193519
2 0.154948 0.728704 0.049479 0.155556
2 0.224740 0.591204 0.102604 0.078704
1 0.458073 0.298148 0.049479 0.174074
1 0.449219 0.493519 0.041146 0.155556
1 0.453646 0.644907 0.044792 0.139815
1 0.406771 0.877778 0.095833 0.114815
1 0.299219 0.907407 0.082812 0.162963
3 0.657813 0.467130 0.119792 0.191667
0 0.648698 0.601389 0.127604 0.087963
0 0.686719 0.693519 0.110937 0.103704
