6 0.114844 0.925463 0.044271 0.126852
6 0.356510 0.652315 0.051562 0.208333
6 0.291667 0.393056 0.097917 0.087963
1 0.453646 0.169444 0.056250 0.127778
1 0.472135 0.398148 0.045312 0.103704
1 0.520573 0.328704 0.114062 0.094444
1 0.420833 0.534722 0.076042 0.087963
1 0.500521 0.492130 0.069792 0.076852
1 0.483854 0.651389 0.090625 0.084259
3 0.479167 0.908796 0.119792 0.182407
5 0.603646 0.789352 0.066667 0.095370
5 0.665365 0.201389 0.076563 0.095370
0 0.723177 0.442593 0.055729 0.164815
0 0.703906 0.441667 0.077604 0.185185
0 0.683073 0.461574 0.101562 0.145370
0 0.656771 0.533796 0.115625 0.082407
0 0.660417 0.624537 0.101042 0.112037
0 0.673698 0.691667 0.045312 0.179630
0 0.695573 0.699074 0.031771 0.175926
6 0.634896 0.924074 0.094792 0.059259
