2 0.024219 0.563426 0.048438 0.256481
2 0.061979 0.711574 0.057292 0.232407
2 0.020052 0.764352 0.040104 0.176852
2 0.110417 0.709722 0.051042 0.212037
2 0.151302 0.725000 0.056771 0.151852
2 0.228385 0.596759 0.111979 0.104630
1 0.462760 0.303704 0.052604 0.188889
1 0.452604 0.485185 0.034375 0.166667
1 0.458333 0.624537 0.027083 0.134259
1 0.408594 0.872685 0.079687 0.097222
6 0.341146 0.895370 0.053125 0.159259
6 0.302083 0.902315 0.063542 0.156481
6 0.695052 0.930093 0.061979 0.128704
3 0.650781 0.471296 0.118229 0.207407
0 0.644531 0.603241 0.116146 0.099074
0 0.687760 0.687037 0.109896 0.101852
6 0.296354 0.079630 0.096875 0.148148
