2 0.026302 0.560185 0.052604 0.231481
2 0.020573 0.753241 0.041146 0.145370
2 0.058073 0.705093 0.047396 0.237963
2 0.105729 0.710648 0.062500 0.195370
2 0.157031 0.726852 0.048438 0.155556
2 0.226823 0.594907 0.119271 0.075000
3 0.654167 0.463426 0.118750 0.184259
0 0.647917 0.598611 0.123958 0.097222
0 0.689063 0.692593 0.106250 0.098148
6 0.296094 0.080093 0.107812 0.134259
1 0.461719 0.290278 0.044271 0.197222
1 0.452344 0.644444 0.047396 0.162963
1 0.402344 0.869907 0.106771 0.087963
6 0.688021 0.946296 0.089583 0.103704
