2 0.023177 0.557407 0.046354 0.229630
2 0.020573 0.741667 0.041146 0.164815
2 0.061198 0.709259 0.047396 0.222222
2 0.110417 0.715278 0.059375 0.200926
2 0.162760 0.727778 0.045312 0.168519
2 0.228906 0.598611 0.106771 0.089815
3 0.651302 0.464815 0.115104 0.159259
0 0.652604 0.605093 0.130208 0.076852
0 0.679948 0.687037 0.101562 0.101852
6 0.300000 0.070833 0.095833 0.130556
6 0.680990 0.950463 0.065104 0.084259
1 0.453125 0.670370 0.065625 0.164815
1 0.457813 0.544444 0.060417 0.107407
1 0.467708 0.317130 0.058333 0.212037
