2 0.023177 0.559259 0.046354 0.240741
2 0.021615 0.760185 0.043229 0.168519
2 0.061979 0.710185 0.057292 0.220370
2 0.111979 0.708796 0.054167 0.187963
2 0.158594 0.720370 0.049479 0.190741
2 0.223177 0.592130 0.101562 0.087963
6 0.301823 0.923611 0.083854 0.130556
1 0.465104 0.296296 0.059375 0.170370
1 0.459375 0.563426 0.065625 0.141667
1 0.452083 0.654167 0.035417 0.132407
1 0.430469 0.953241 0.070312 0.075000
6 0.823958 0.363889 0.063542 0.183333
3 0.647656 0.461574 0.116146 0.199074
0 0.722656 0.454630 0.042188 0.216667
0 0.643750 0.590278 0.121875 0.084259
0 0.685156 0.681019 0.107812 0.093519
