3 0.711719 0.420370 0.084896 0.227778
0 0.696875 0.716204 0.063542 0.191667
0 0.759635 0.758333 0.047396 0.161111
6 0.733333 0.894907 0.081250 0.126852
2 0.021615 0.573611 0.034896 0.250926
2 0.011719 0.751852 0.023438 0.148148
2 0.058594 0.700926 0.050521 0.214815
2 0.106510 0.705093 0.045312 0.202778
2 0.156250 0.711574 0.042708 0.178704
2 0.221875 0.587500 0.120833 0.086111
1 0.444531 0.130093 0.096354 0.065741
1 0.475000 0.305556 0.062500 0.194444
1 0.450000 0.472222 0.057292 0.138889
1 0.512500 0.542130 0.085417 0.087963
1 0.460417 0.630556 0.061458 0.122222
