0 0.734375 0.436111 0.035417 0.216667
0 0.686979 0.696296 0.102083 0.105556
3 0.648958 0.455093 0.125000 0.197222
2 0.022656 0.562500 0.045312 0.243519
2 0.020573 0.746296 0.041146 0.155556
2 0.064583 0.706481 0.052083 0.218519
2 0.111719 0.715278 0.048438 0.197222
2 0.154948 0.716204 0.049479 0.195370
2 0.223437 0.595833 0.089583 0.076852
1 0.412240 0.868981 0.100521 0.086111
1 0.453125 0.662963 0.057292 0.164815
1 0.450521 0.485648 0.040625 0.143519
1 0.468750 0.310185 0.047917 0.207407
6 0.299479 0.077315 0.101042 0.132407
