3 0.710677 0.433796 0.082812 0.247222
0 0.693750 0.713426 0.060417 0.193519
6 0.751563 0.904630 0.071875 0.107407
6 0.319531 0.881481 0.098437 0.111111
6 0.701302 0.199074 0.047396 0.179630
2 0.029167 0.558333 0.056250 0.242593
2 0.015625 0.739815 0.031250 0.164815
2 0.064583 0.699074 0.052083 0.214815
2 0.108333 0.713426 0.048958 0.208333
2 0.154427 0.714352 0.046354 0.195370
2 0.222396 0.597685 0.119792 0.091667
1 0.429427 0.768981 0.093229 0.082407
1 0.458073 0.643981 0.041146 0.141667
1 0.472135 0.306481 0.045312 0.190741
1 0.446094 0.127315 0.097396 0.082407
