2 0.024219 0.557407 0.048438 0.218519
2 0.016146 0.743519 0.032292 0.172222
2 0.058854 0.694444 0.055208 0.201852
2 0.108073 0.707870 0.046354 0.204630
2 0.152865 0.714815 0.051562 0.179630
1 0.439583 0.121759 0.090625 0.078704
1 0.468229 0.322685 0.057292 0.158333
1 0.445052 0.471296 0.049479 0.142593
1 0.502604 0.562500 0.089583 0.071296
3 0.646354 0.462500 0.129167 0.204630
0 0.697135 0.721296 0.071354 0.181481
6 0.707031 0.906019 0.077604 0.149074
6 0.328125 0.304630 0.043750 0.183333
1 0.460677 0.944444 0.078646 0.111111
