3 0.647135 0.462500 0.128646 0.175000
0 0.701562 0.722222 0.060417 0.161111
2 0.023177 0.555556 0.046354 0.244444
2 0.013021 0.731944 0.026042 0.145370
2 0.063021 0.703241 0.053125 0.206481
2 0.109896 0.706944 0.054167 0.195370
2 0.160156 0.738426 0.044271 0.150926
2 0.223177 0.590278 0.118229 0.076852
1 0.446875 0.131944 0.091667 0.073148
1 0.454427 0.480093 0.048438 0.154630
1 0.488281 0.552778 0.075521 0.094444
1 0.433854 0.757870 0.089583 0.086111
1 0.461719 0.945370 0.078646 0.098148
1 0.465104 0.313889 0.057292 0.175926
