3 0.653646 0.464352 0.104167 0.178704
0 0.729427 0.428241 0.041146 0.204630
6 0.814844 0.788426 0.051562 0.136111
6 0.296354 0.078704 0.094792 0.150000
2 0.026302 0.567130 0.052604 0.252778
2 0.022135 0.754630 0.044271 0.164815
2 0.066406 0.706481 0.046354 0.225926
2 0.117448 0.715278 0.055729 0.204630
2 0.154688 0.718056 0.037500 0.187963
2 0.228385 0.594907 0.088021 0.089815
1 0.406250 0.868981 0.092708 0.093519
1 0.458333 0.640741 0.035417 0.148148
1 0.460677 0.485648 0.052604 0.143519
1 0.467448 0.309259 0.045312 0.162963
1 0.449479 0.132870 0.101042 0.086111
