2 0.022135 0.576389 0.044271 0.202778
2 0.014063 0.740741 0.028125 0.162963
2 0.059635 0.700926 0.052604 0.207407
2 0.111458 0.695370 0.051042 0.187037
2 0.154167 0.707870 0.058333 0.175000
0 0.685417 0.708796 0.060417 0.195370
0 0.742448 0.713426 0.047396 0.150926
2 0.643750 0.470370 0.123958 0.181481
0 0.723177 0.456019 0.041146 0.195370
6 0.774219 0.083333 0.080729 0.144444
1 0.446094 0.761574 0.067187 0.139815
1 0.493490 0.552315 0.083854 0.078704
1 0.454687 0.479167 0.050000 0.134259
1 0.458594 0.306481 0.052604 0.203704
1 0.457552 0.144444 0.082812 0.070370
6 0.829688 0.469444 0.066667 0.088889
