3 0.649740 0.475463 0.109896 0.199074
0 0.724479 0.461574 0.035417 0.230556
0 0.685937 0.696759 0.059375 0.189815
2 0.025260 0.566204 0.046354 0.215741
2 0.016146 0.732407 0.030208 0.162963
2 0.060937 0.699537 0.061458 0.199074
2 0.107031 0.711574 0.048438 0.193519
2 0.155729 0.706944 0.053125 0.180556
1 0.432031 0.772685 0.079687 0.136111
1 0.491927 0.552315 0.089063 0.089815
1 0.467708 0.288889 0.058333 0.172222
1 0.466146 0.137963 0.091667 0.079630
1 0.745573 0.704167 0.051562 0.182407
6 0.773177 0.081481 0.076563 0.144444
