2 0.024219 0.561111 0.048438 0.237037
2 0.019531 0.730556 0.039062 0.159259
2 0.066406 0.714352 0.048438 0.199074
2 0.109896 0.701389 0.050000 0.191667
2 0.155729 0.701389 0.053125 0.187963
1 0.519792 0.092130 0.087500 0.084259
1 0.462240 0.201852 0.079687 0.105556
1 0.493490 0.544907 0.097396 0.097222
1 0.448698 0.470370 0.052604 0.174074
1 0.446094 0.640278 0.071354 0.137963
1 0.420312 0.838889 0.101042 0.107407
3 0.647135 0.472222 0.121354 0.174074
0 0.759896 0.460185 0.030208 0.164815
0 0.688802 0.706944 0.079687 0.156481
