2 0.024740 0.573611 0.049479 0.232407
2 0.061198 0.702778 0.049479 0.218519
2 0.106771 0.701389 0.060417 0.202778
2 0.156771 0.710648 0.051042 0.195370
1 0.545833 0.088889 0.076042 0.070370
1 0.458594 0.193519 0.076563 0.075926
1 0.467708 0.297685 0.056250 0.139815
1 0.450781 0.489352 0.050521 0.154630
1 0.503906 0.554630 0.084896 0.094444
1 0.446354 0.647222 0.064583 0.118519
3 0.645573 0.474537 0.114062 0.193519
0 0.764583 0.464352 0.048958 0.139815
0 0.691927 0.711574 0.079687 0.150926
6 0.829688 0.473148 0.052083 0.085185
