6 0.112760 0.919444 0.048438 0.107407
1 0.455990 0.218519 0.049479 0.146296
1 0.447917 0.313889 0.059375 0.103704
1 0.459115 0.461111 0.043229 0.166667
1 0.427865 0.604630 0.051562 0.109259
1 0.443229 0.707870 0.059375 0.128704
1 0.458594 0.757870 0.084896 0.139815
1 0.438802 0.944444 0.047396 0.096296
0 0.683073 0.478704 0.079687 0.161111
0 0.657813 0.623611 0.097917 0.089815
0 0.725781 0.694444 0.052604 0.155556
3 0.543229 0.926389 0.127083 0.125000
6 0.784115 0.931019 0.078646 0.080556
6 0.779687 0.862037 0.095833 0.061111
6 0.346354 0.837963 0.055208 0.170370
