6 0.050000 0.905093 0.067708 0.086111
3 0.533333 0.914815 0.133333 0.135185
6 0.281250 0.411111 0.090625 0.155556
6 0.328125 0.678241 0.113542 0.091667
1 0.473698 0.190741 0.046354 0.120370
1 0.444010 0.402315 0.083854 0.102778
1 0.461198 0.481019 0.055729 0.137963
0 0.692448 0.480556 0.084896 0.122222
0 0.719531 0.462963 0.076563 0.159259
0 0.657813 0.600463 0.128125 0.100926
0 0.674740 0.671296 0.081771 0.112963
0 0.719271 0.702315 0.041667 0.136111
6 0.819010 0.946296 0.055729 0.107407
6 0.787240 0.867130 0.080729 0.071296
5 0.738021 0.151852 0.066667 0.112963
