6 0.068490 0.902315 0.044271 0.149074
6 0.111458 0.920370 0.051042 0.127778
3 0.539323 0.916667 0.119271 0.116667
6 0.343750 0.845833 0.072917 0.158333
5 0.338802 0.681944 0.076563 0.087963
1 0.471875 0.169444 0.040625 0.155556
1 0.454687 0.220370 0.054167 0.146296
1 0.451562 0.313889 0.062500 0.107407
1 0.427344 0.415741 0.080729 0.107407
1 0.436198 0.613889 0.075521 0.112963
1 0.445573 0.915741 0.068229 0.150000
5 0.530469 0.574537 0.078646 0.099074
5 0.686458 0.119444 0.066667 0.120370
0 0.730208 0.712500 0.059375 0.126852
0 0.664323 0.622685 0.100521 0.095370
0 0.683073 0.478241 0.075521 0.132407
0 0.778646 0.476852 0.061458 0.114815
