1 0.448177 0.164352 0.088021 0.084259
1 0.496094 0.247222 0.070312 0.122222
1 0.427344 0.404167 0.056771 0.106481
1 0.472656 0.462500 0.072396 0.136111
1 0.428385 0.575926 0.070312 0.112963
1 0.454948 0.868519 0.049479 0.159259
5 0.476823 0.731019 0.078646 0.121296
5 0.561979 0.479630 0.065625 0.155556
3 0.629167 0.328704 0.127083 0.185185
0 0.717187 0.460648 0.053125 0.139815
0 0.679427 0.485648 0.098437 0.132407
0 0.664844 0.563889 0.140104 0.051852
0 0.670573 0.594444 0.106771 0.051852
0 0.659635 0.673148 0.075521 0.162963
0 0.683073 0.698148 0.045312 0.174074
0 0.709115 0.706019 0.043229 0.175000
0 0.729948 0.673611 0.044271 0.097222
5 0.669271 0.106481 0.066667 0.124074
6 0.824479 0.923148 0.064583 0.114815
6 0.801562 0.949074 0.034375 0.098148
6 0.770052 0.785185 0.074479 0.118519
6 0.742448 0.882870 0.116146 0.073148
6 0.753125 0.938889 0.066667 0.103704
5 0.747917 0.177315 0.056250 0.097222
5 0.723958 0.242593 0.060417 0.101852
5 0.797917 0.265278 0.048958 0.086111
5 0.807031 0.075463 0.067187 0.078704
