6 0.101823 0.914815 0.048438 0.155556
6 0.330990 0.512500 0.077604 0.113889
3 0.539844 0.915741 0.111979 0.146296
1 0.440104 0.177315 0.067708 0.139815
1 0.444010 0.405093 0.077604 0.089815
1 0.424740 0.673148 0.073438 0.120370
6 0.632552 0.829630 0.075521 0.125926
0 0.651563 0.542130 0.130208 0.052778
0 0.659115 0.599537 0.110937 0.084259
0 0.673438 0.662963 0.075000 0.107407
0 0.718750 0.711574 0.047917 0.136111
0 0.749479 0.712500 0.039583 0.137963
0 0.689063 0.488889 0.085417 0.114815
0 0.717448 0.460648 0.075521 0.143519
6 0.816927 0.940741 0.055729 0.103704
6 0.773177 0.805556 0.050521 0.127778
6 0.716146 0.849537 0.063542 0.150926
6 0.817448 0.778704 0.044271 0.144444
5 0.738542 0.148148 0.069792 0.116667
