6 0.110417 0.916667 0.039583 0.112963
5 0.188542 0.857870 0.064583 0.084259
5 0.336719 0.677315 0.072396 0.089815
5 0.728646 0.250926 0.058333 0.100000
6 0.342187 0.843519 0.061458 0.159259
1 0.445052 0.929167 0.059896 0.141667
1 0.441146 0.703241 0.063542 0.141667
1 0.431510 0.413889 0.108854 0.118519
1 0.463542 0.229167 0.062500 0.136111
1 0.451823 0.309259 0.080729 0.116667
0 0.676302 0.484259 0.084896 0.164815
0 0.661719 0.618981 0.101562 0.080556
0 0.730729 0.700463 0.054167 0.143519
3 0.545833 0.920370 0.115625 0.127778
