6 0.107292 0.913889 0.051042 0.103704
6 0.292969 0.406019 0.079687 0.134259
6 0.342708 0.840741 0.052083 0.168519
1 0.499479 0.230093 0.035417 0.199074
1 0.463542 0.221759 0.066667 0.137963
1 0.444010 0.302778 0.085938 0.100000
1 0.423958 0.409722 0.083333 0.091667
1 0.455469 0.466667 0.048438 0.166667
1 0.427083 0.612037 0.057292 0.105556
1 0.439583 0.699074 0.058333 0.107407
1 0.454687 0.756481 0.092708 0.125926
1 0.445573 0.931944 0.060937 0.128704
5 0.333594 0.672685 0.084896 0.091667
5 0.522135 0.575000 0.080729 0.100000
0 0.677865 0.482870 0.085938 0.152778
0 0.658333 0.629630 0.101042 0.109259
0 0.730729 0.703241 0.054167 0.145370
3 0.539323 0.917593 0.123437 0.137037
6 0.793750 0.940741 0.059375 0.114815
6 0.703125 0.931019 0.083333 0.084259
6 0.783854 0.847685 0.097917 0.082407
5 0.725781 0.250926 0.058854 0.092593
