6 0.069531 0.893056 0.040104 0.130556
6 0.113021 0.920370 0.054167 0.116667
5 0.335677 0.681944 0.070312 0.080556
5 0.527865 0.573611 0.079687 0.097222
5 0.733333 0.245370 0.055208 0.096296
1 0.449740 0.918519 0.044271 0.151852
1 0.419010 0.614352 0.049479 0.132407
1 0.453125 0.671296 0.045833 0.155556
1 0.449219 0.314815 0.053646 0.109259
1 0.471094 0.163889 0.047396 0.151852
0 0.734375 0.700926 0.055208 0.157407
0 0.678906 0.692593 0.077604 0.127778
0 0.672396 0.479630 0.080208 0.166667
0 0.718750 0.446296 0.058333 0.179630
5 0.689583 0.116667 0.072917 0.103704
6 0.760677 0.930093 0.043229 0.139815
6 0.788802 0.911574 0.077604 0.084259
6 0.704167 0.869907 0.069792 0.069444
