6 0.054427 0.903241 0.070312 0.086111
6 0.177344 0.956944 0.072396 0.082407
1 0.425260 0.658796 0.072396 0.087963
1 0.440365 0.388889 0.076563 0.061111
1 0.532813 0.277778 0.073958 0.085185
1 0.465365 0.137037 0.079687 0.077778
3 0.542188 0.914815 0.122917 0.124074
0 0.750521 0.708796 0.039583 0.123148
0 0.732292 0.708796 0.029167 0.149074
0 0.699740 0.710185 0.046354 0.166667
0 0.665885 0.683796 0.071354 0.145370
0 0.657813 0.633333 0.095833 0.094444
0 0.662240 0.550926 0.104688 0.055556
0 0.692969 0.488426 0.075521 0.095370
0 0.717187 0.468056 0.069792 0.136111
6 0.814583 0.935185 0.060417 0.111111
6 0.763021 0.943519 0.052083 0.112963
6 0.632552 0.837963 0.067187 0.105556
5 0.736458 0.149537 0.067708 0.137963
6 0.823437 0.446759 0.058333 0.080556
6 0.796354 0.385185 0.082292 0.075926
