6 0.048958 0.912963 0.073958 0.105556
6 0.102865 0.921759 0.040104 0.141667
6 0.172135 0.956019 0.078646 0.087963
3 0.540885 0.919444 0.120313 0.150000
1 0.421875 0.658796 0.081250 0.080556
1 0.456250 0.471296 0.039583 0.137037
1 0.469531 0.189815 0.046354 0.122222
0 0.728646 0.718056 0.032292 0.134259
0 0.702604 0.715741 0.028125 0.174074
0 0.757552 0.706019 0.019271 0.147222
0 0.670833 0.675000 0.061458 0.174074
0 0.659115 0.549074 0.108854 0.062963
0 0.686458 0.481019 0.082292 0.123148
0 0.707031 0.448148 0.071354 0.153704
6 0.814063 0.935185 0.065625 0.111111
6 0.635677 0.843056 0.069271 0.119444
5 0.734896 0.154167 0.068750 0.150926
6 0.823177 0.443519 0.051562 0.077778
6 0.807292 0.777778 0.036458 0.161111
6 0.836198 0.766667 0.027604 0.172222
