6 0.102344 0.928241 0.049479 0.125000
6 0.052083 0.909722 0.065625 0.087963
3 0.536458 0.918981 0.125000 0.139815
1 0.421354 0.659259 0.084375 0.103704
1 0.439323 0.413426 0.078646 0.084259
1 0.522396 0.285185 0.092708 0.061111
1 0.441927 0.159259 0.085938 0.061111
1 0.475781 0.209722 0.046354 0.089815
0 0.722396 0.459722 0.061458 0.145370
0 0.694010 0.473148 0.083854 0.107407
0 0.647656 0.550000 0.133854 0.064815
0 0.656250 0.604630 0.105208 0.098148
0 0.663802 0.668519 0.067187 0.150000
0 0.689844 0.694444 0.047396 0.155556
0 0.719271 0.704167 0.039583 0.147222
6 0.832812 0.831481 0.066667 0.157407
6 0.811198 0.791204 0.045312 0.199074
6 0.819531 0.940741 0.054688 0.096296
6 0.759115 0.943519 0.040104 0.112963
6 0.634635 0.840741 0.073438 0.103704
