5 0.742448 0.152315 0.065104 0.136111
6 0.333594 0.507870 0.072396 0.134259
6 0.102865 0.923611 0.040104 0.152778
6 0.326042 0.677778 0.115625 0.111111
0 0.689063 0.487963 0.067708 0.109259
0 0.714583 0.458796 0.064583 0.128704
0 0.653906 0.552778 0.105729 0.051852
0 0.641146 0.627315 0.101042 0.097222
0 0.661719 0.670370 0.069271 0.146296
0 0.725521 0.709722 0.033333 0.136111
0 0.751042 0.703704 0.026042 0.120370
3 0.548438 0.923611 0.120833 0.145370
1 0.444010 0.175463 0.067187 0.132407
1 0.475781 0.202315 0.040104 0.132407
1 0.432292 0.402315 0.098958 0.099074
1 0.463021 0.480556 0.031250 0.118519
1 0.414323 0.658333 0.078646 0.105556
1 0.446094 0.917130 0.088021 0.139815
6 0.814583 0.787037 0.036458 0.175926
6 0.778646 0.806481 0.041667 0.133333
6 0.812500 0.946296 0.050000 0.107407
6 0.631510 0.825926 0.085938 0.118519
