3 0.540365 0.923611 0.115104 0.126852
1 0.424219 0.662500 0.082812 0.087963
1 0.439062 0.409722 0.067708 0.073148
1 0.527083 0.274537 0.098958 0.086111
1 0.474219 0.216667 0.047396 0.068519
1 0.438021 0.166667 0.085417 0.079630
0 0.713802 0.441667 0.068229 0.151852
0 0.692448 0.469444 0.078646 0.096296
0 0.663802 0.547222 0.107812 0.048148
0 0.663281 0.611111 0.117188 0.085185
0 0.666406 0.670370 0.054688 0.164815
0 0.689583 0.700000 0.040625 0.151852
0 0.723437 0.699537 0.035417 0.141667
6 0.627344 0.841667 0.079687 0.116667
6 0.815365 0.940741 0.048438 0.103704
6 0.759115 0.942593 0.044271 0.100000
6 0.749479 0.803241 0.022917 0.143519
