1 0.423698 0.927315 0.047396 0.130556
1 0.456771 0.876389 0.060417 0.108333
1 0.428906 0.594907 0.079687 0.089815
1 0.477344 0.461574 0.067187 0.134259
5 0.468229 0.730093 0.081250 0.091667
1 0.450260 0.232870 0.083854 0.093519
1 0.497917 0.243981 0.066667 0.147222
5 0.589323 0.663889 0.085938 0.127778
3 0.590625 0.466667 0.101042 0.174074
5 0.730208 0.248611 0.057292 0.084259
5 0.746875 0.296759 0.066667 0.095370
5 0.679427 0.843056 0.076563 0.091667
0 0.761458 0.685648 0.065625 0.069444
0 0.732812 0.689815 0.036458 0.103704
0 0.713542 0.705093 0.030208 0.149074
0 0.686979 0.695370 0.041667 0.187037
0 0.648698 0.579630 0.107812 0.040741
0 0.662760 0.523148 0.103646 0.053704
0 0.694271 0.473148 0.093750 0.118519
0 0.719792 0.472222 0.064583 0.155556
6 0.350260 0.580556 0.105729 0.088889
5 0.665625 0.107407 0.065625 0.114815
5 0.749479 0.177315 0.057292 0.100926
