3 0.288802 0.811574 0.085938 0.247222
1 0.454687 0.517593 0.052083 0.168519
1 0.512760 0.406481 0.081771 0.107407
1 0.451823 0.238426 0.078646 0.097222
1 0.532813 0.135648 0.104167 0.084259
1 0.427604 0.643981 0.096875 0.130556
0 0.655729 0.558796 0.128125 0.078704
0 0.678385 0.495833 0.058854 0.130556
0 0.663802 0.693519 0.063021 0.103704
0 0.697917 0.718519 0.065625 0.114815
6 0.783854 0.343981 0.031250 0.200926
6 0.740365 0.812963 0.036979 0.105556
6 0.718750 0.844907 0.052083 0.069444
6 0.696615 0.867130 0.096354 0.078704
6 0.700521 0.943981 0.096875 0.084259
6 0.776823 0.939815 0.045312 0.101852
6 0.786719 0.897685 0.081771 0.082407
6 0.833073 0.831481 0.041146 0.103704
6 0.792448 0.809259 0.048438 0.148148
