6 0.093750 0.872222 0.088542 0.105556
6 0.825000 0.916667 0.053125 0.105556
6 0.728906 0.913889 0.080729 0.053704
6 0.330990 0.883333 0.114062 0.122222
5 0.388542 0.242130 0.091667 0.086111
5 0.671875 0.109259 0.069792 0.107407
5 0.725260 0.239352 0.055729 0.087963
5 0.754948 0.303704 0.056771 0.101852
1 0.433333 0.412963 0.086458 0.109259
1 0.491927 0.241204 0.058854 0.130556
1 0.479948 0.443056 0.054688 0.136111
1 0.438281 0.585185 0.076563 0.087037
1 0.468750 0.724074 0.084375 0.100000
1 0.466146 0.863889 0.083333 0.111111
1 0.420573 0.912963 0.044271 0.120370
5 0.589844 0.661574 0.080729 0.093519
0 0.727865 0.687963 0.042188 0.107407
3 0.591667 0.471759 0.125000 0.193519
0 0.777083 0.459722 0.032292 0.149074
0 0.681510 0.699074 0.018229 0.175926
0 0.658333 0.612963 0.070833 0.061111
0 0.677865 0.503704 0.081771 0.072222
0 0.691927 0.472222 0.083854 0.131481
0 0.717187 0.471296 0.065625 0.133333
0 0.758073 0.683796 0.058854 0.084259
1 0.099219 0.370370 0.041146 0.174074
6 0.505990 0.110185 0.042188 0.109259
