3 0.277604 0.815278 0.061458 0.297222
1 0.449740 0.358796 0.074479 0.136111
1 0.534115 0.152315 0.104688 0.071296
1 0.425260 0.583333 0.084896 0.062963
1 0.419792 0.867130 0.063542 0.186111
6 0.803385 0.893981 0.098437 0.089815
6 0.735417 0.957870 0.035417 0.062037
6 0.705469 0.898148 0.082812 0.057407
6 0.734896 0.810185 0.044792 0.103704
6 0.844271 0.772685 0.020833 0.189815
6 0.821875 0.797222 0.059375 0.168519
0 0.702604 0.437500 0.082292 0.147222
0 0.673698 0.472222 0.079687 0.162963
0 0.656771 0.581019 0.089583 0.086111
