3 0.284896 0.823611 0.091667 0.260185
1 0.441406 0.243056 0.074479 0.091667
1 0.445573 0.383796 0.070312 0.128704
1 0.514062 0.400463 0.070833 0.126852
1 0.480990 0.466667 0.044271 0.120370
1 0.445573 0.514352 0.052604 0.165741
0 0.656250 0.558796 0.107292 0.078704
0 0.689583 0.490278 0.064583 0.119444
0 0.702604 0.724074 0.066667 0.111111
0 0.670833 0.697222 0.087500 0.122222
0 0.770052 0.697222 0.084896 0.103704
6 0.790365 0.898148 0.084896 0.064815
6 0.712760 0.879630 0.086979 0.061111
6 0.692187 0.944444 0.087500 0.057407
6 0.748437 0.947222 0.027083 0.090741
6 0.783333 0.953241 0.038542 0.071296
6 0.825521 0.953241 0.038542 0.071296
