4 0.752604 0.505093 0.095833 0.086111
4 0.714063 0.593981 0.057292 0.145370
4 0.736458 0.701389 0.051042 0.152778
0 0.753125 0.269907 0.101042 0.134259
6 0.864583 0.664815 0.097917 0.103704
3 0.795833 0.931019 0.113542 0.137963
5 0.872656 0.829167 0.047396 0.145370
0 0.274740 0.398611 0.053646 0.180556
0 0.189062 0.433796 0.059375 0.197222
1 0.566667 0.362963 0.064583 0.116667
1 0.552865 0.444444 0.071354 0.125926
1 0.529427 0.544907 0.113021 0.082407
1 0.560417 0.687500 0.066667 0.141667
1 0.523698 0.786574 0.092188 0.086111
1 0.527083 0.923611 0.101042 0.095370
2 0.080729 0.831481 0.068750 0.214815
2 0.149740 0.670833 0.071354 0.141667
2 0.069010 0.636111 0.045312 0.100000
2 0.027344 0.720833 0.048438 0.136111
2 0.032813 0.862963 0.065625 0.209259
