6 0.091406 0.885185 0.077604 0.096296
6 0.099740 0.372222 0.048438 0.162963
6 0.340625 0.923611 0.094792 0.152778
1 0.422917 0.922222 0.041667 0.127778
1 0.464844 0.869444 0.074479 0.103704
1 0.471354 0.730556 0.089583 0.105556
1 0.433333 0.591204 0.064583 0.075000
1 0.478906 0.474074 0.068229 0.105556
1 0.430990 0.411111 0.088021 0.094444
1 0.498437 0.252778 0.053125 0.133333
5 0.510417 0.541204 0.065625 0.104630
5 0.494010 0.607407 0.108854 0.107407
5 0.594792 0.656944 0.075000 0.102778
5 0.596354 0.181019 0.053125 0.154630
5 0.391667 0.245833 0.093750 0.078704
5 0.745833 0.175926 0.058333 0.111111
0 0.759896 0.448148 0.034375 0.168519
0 0.729167 0.457870 0.061458 0.134259
0 0.694010 0.468519 0.088021 0.124074
0 0.676823 0.497222 0.099479 0.077778
0 0.669531 0.534722 0.110937 0.080556
0 0.645052 0.574537 0.110937 0.045370
0 0.658594 0.623148 0.075521 0.055556
0 0.674479 0.710648 0.036458 0.173148
0 0.708854 0.709722 0.034375 0.150926
5 0.667969 0.111111 0.051562 0.100000
