0 0.750521 0.269907 0.113542 0.141667
0 0.281250 0.401389 0.046875 0.189815
0 0.188021 0.445370 0.055208 0.185185
3 0.796354 0.922222 0.105208 0.151852
4 0.756510 0.511574 0.088021 0.095370
4 0.711458 0.587037 0.062500 0.151852
4 0.740104 0.693519 0.066667 0.150000
6 0.863021 0.670833 0.094792 0.080556
6 0.692969 0.798148 0.051562 0.166667
6 0.683594 0.908796 0.104688 0.086111
1 0.530729 0.921296 0.093750 0.096296
1 0.524740 0.805556 0.085938 0.094444
1 0.557031 0.685648 0.049479 0.130556
1 0.522135 0.546759 0.091146 0.125000
1 0.548438 0.428241 0.075000 0.143519
2 0.027344 0.865741 0.054688 0.164815
2 0.076042 0.853241 0.063542 0.186111
2 0.056510 0.726852 0.044271 0.120370
2 0.153125 0.662037 0.064583 0.155556
2 0.065885 0.638889 0.053646 0.098148
6 0.500521 0.187963 0.108333 0.111111
6 0.603385 0.182407 0.109896 0.114815
