4 0.755729 0.500926 0.091667 0.105556
4 0.707812 0.596759 0.058333 0.132407
4 0.738281 0.690278 0.047396 0.143519
4 0.700000 0.789352 0.055208 0.160185
0 0.751042 0.265741 0.101042 0.112963
6 0.864323 0.662037 0.099479 0.074074
1 0.578646 0.370370 0.088542 0.109259
1 0.537240 0.547685 0.113021 0.069444
1 0.566406 0.665741 0.052604 0.124074
1 0.524479 0.791204 0.093750 0.084259
3 0.795312 0.912037 0.114583 0.125926
6 0.891146 0.394444 0.054167 0.172222
6 0.631771 0.202315 0.093750 0.139815
2 0.155208 0.657870 0.075000 0.154630
2 0.079167 0.857407 0.061458 0.155556
2 0.104948 0.692593 0.054688 0.212963
2 0.053385 0.722222 0.040104 0.092593
2 0.026823 0.657407 0.045312 0.168519
0 0.200000 0.448611 0.063542 0.187963
0 0.280729 0.387963 0.065625 0.162963
6 0.342969 0.195370 0.048438 0.183333
