0 0.748958 0.273148 0.092708 0.120370
6 0.487760 0.206944 0.110937 0.091667
4 0.750260 0.510648 0.077604 0.089815
4 0.706510 0.594907 0.052604 0.147222
4 0.736198 0.696296 0.049479 0.144444
4 0.699219 0.800000 0.047396 0.170370
4 0.685937 0.910648 0.100000 0.071296
4 0.867188 0.673148 0.093750 0.062963
3 0.794792 0.927315 0.100000 0.141667
1 0.558333 0.436111 0.068750 0.166667
1 0.530208 0.550463 0.082292 0.132407
1 0.558594 0.678241 0.072396 0.141667
1 0.522135 0.797685 0.091146 0.075000
1 0.525260 0.919907 0.086979 0.076852
2 0.151823 0.658333 0.075521 0.162963
2 0.073958 0.851389 0.055208 0.193519
2 0.057812 0.727778 0.037500 0.096296
2 0.063542 0.618981 0.036458 0.073148
2 0.031771 0.691667 0.055208 0.207407
2 0.107292 0.730093 0.059375 0.145370
2 0.030729 0.877315 0.061458 0.199074
6 0.347135 0.191667 0.043229 0.179630
