0 0.251563 0.427315 0.061458 0.191667
0 0.267969 0.208796 0.104688 0.069444
2 0.032813 0.863426 0.063542 0.197222
0 0.079687 0.860185 0.070833 0.168519
0 0.126823 0.770370 0.076563 0.153704
0 0.153125 0.654167 0.060417 0.186111
0 0.103906 0.652315 0.044271 0.150926
0 0.064583 0.634259 0.054167 0.107407
0 0.023177 0.697222 0.042188 0.103704
0 0.758073 0.351389 0.066146 0.186111
3 0.641146 0.468519 0.096875 0.216667
1 0.600781 0.818981 0.082812 0.113889
4 0.741927 0.513426 0.054688 0.123148
4 0.707292 0.584259 0.059375 0.150000
4 0.740365 0.655093 0.071354 0.087963
6 0.877083 0.701389 0.094792 0.095370
6 0.804427 0.780093 0.096354 0.087963
6 0.854167 0.849537 0.067708 0.121296
6 0.569271 0.619444 0.063542 0.166667
