0 0.274219 0.206944 0.098437 0.069444
0 0.767188 0.372685 0.075000 0.158333
2 0.033854 0.861111 0.063542 0.216667
2 0.067448 0.651389 0.048438 0.137963
2 0.072917 0.850926 0.061458 0.168519
2 0.133073 0.777778 0.072396 0.164815
2 0.148177 0.654167 0.060937 0.171296
2 0.026823 0.706481 0.047396 0.107407
4 0.744010 0.529630 0.056771 0.148148
4 0.743490 0.663889 0.057812 0.090741
4 0.707552 0.580556 0.038021 0.214815
1 0.543229 0.508333 0.098958 0.105556
1 0.555469 0.678241 0.058854 0.141667
1 0.626042 0.825463 0.092708 0.080556
6 0.880208 0.697222 0.066667 0.096296
