2 0.025260 0.712963 0.035937 0.111111
2 0.033333 0.862500 0.066667 0.191667
2 0.075000 0.849537 0.065625 0.182407
2 0.062500 0.640278 0.052083 0.137963
2 0.131510 0.779630 0.083854 0.164815
2 0.152083 0.655556 0.058333 0.168519
0 0.276042 0.209722 0.098958 0.093519
6 0.879948 0.690741 0.074479 0.112963
6 0.872396 0.766204 0.093750 0.073148
6 0.882031 0.422222 0.089063 0.116667
0 0.763021 0.359259 0.070833 0.185185
3 0.636198 0.476852 0.106771 0.211111
4 0.746615 0.518056 0.053646 0.132407
4 0.744271 0.671296 0.061458 0.074074
4 0.707552 0.584259 0.044271 0.183333
1 0.539323 0.506944 0.084896 0.078704
1 0.547917 0.679630 0.055208 0.164815
1 0.607812 0.822685 0.084375 0.117593
1 0.526563 0.888889 0.093750 0.157407
