0 0.270573 0.205093 0.114062 0.087963
0 0.307031 0.294907 0.120313 0.069444
0 0.756250 0.187963 0.092708 0.100000
0 0.858854 0.379630 0.092708 0.157407
0 0.766146 0.340741 0.066667 0.179630
2 0.033333 0.863426 0.062500 0.197222
2 0.023177 0.703704 0.038021 0.120370
2 0.058854 0.673611 0.057292 0.147222
2 0.081771 0.855556 0.064583 0.166667
2 0.135156 0.776852 0.076563 0.162963
2 0.152083 0.637500 0.058333 0.141667
2 0.111458 0.645833 0.039583 0.149074
3 0.648177 0.464815 0.091146 0.220370
1 0.602865 0.818056 0.074479 0.119444
4 0.742448 0.526389 0.051562 0.141667
4 0.706510 0.587963 0.050521 0.164815
4 0.740104 0.656944 0.064583 0.095370
