0 0.763542 0.370370 0.085417 0.170370
6 0.884115 0.436574 0.104688 0.126852
3 0.646354 0.468519 0.092708 0.205556
1 0.540625 0.510648 0.093750 0.067593
1 0.548438 0.679167 0.075000 0.154630
1 0.607812 0.820833 0.084375 0.104630
1 0.511458 0.859259 0.100000 0.124074
6 0.882552 0.689815 0.077604 0.107407
4 0.752083 0.663426 0.084375 0.089815
4 0.747135 0.518981 0.048438 0.149074
4 0.700000 0.583333 0.065625 0.166667
2 0.029167 0.858333 0.058333 0.211111
2 0.066927 0.846759 0.079687 0.160185
2 0.137760 0.775926 0.081771 0.187037
2 0.155729 0.655093 0.076042 0.173148
2 0.021615 0.700463 0.034896 0.089815
2 0.069010 0.648611 0.055729 0.136111
2 0.106250 0.638889 0.025000 0.151852
6 0.886979 0.775000 0.096875 0.059259
