1 0.545312 0.512500 0.101042 0.075000
1 0.561979 0.637963 0.043750 0.183333
1 0.603906 0.816204 0.080729 0.119444
1 0.538281 0.934722 0.052604 0.123148
0 0.231771 0.429167 0.060417 0.145370
0 0.266667 0.206944 0.095833 0.099074
0 0.758594 0.352315 0.065104 0.180556
3 0.647396 0.466667 0.092708 0.220370
4 0.739323 0.513426 0.055729 0.137963
4 0.708594 0.595833 0.048438 0.169444
4 0.740104 0.660648 0.066667 0.084259
6 0.876042 0.700926 0.094792 0.100000
6 0.822135 0.775000 0.116146 0.070370
2 0.033333 0.867130 0.062500 0.193519
2 0.072135 0.855556 0.075521 0.174074
2 0.125000 0.771296 0.078125 0.166667
2 0.151823 0.654167 0.055729 0.171296
2 0.109375 0.655093 0.048958 0.149074
2 0.066406 0.638889 0.054688 0.116667
2 0.024740 0.705556 0.039062 0.105556
