2 0.079427 0.860185 0.076563 0.164815
2 0.129948 0.782407 0.080729 0.155556
2 0.164323 0.665741 0.060937 0.174074
2 0.033333 0.866667 0.066667 0.209259
2 0.068490 0.641667 0.050521 0.100000
2 0.059896 0.710648 0.059375 0.119444
2 0.115365 0.639815 0.047396 0.129630
2 0.023698 0.694444 0.034896 0.124074
6 0.874479 0.706019 0.097917 0.089815
6 0.817969 0.765278 0.088021 0.136111
0 0.865365 0.388889 0.079687 0.142593
0 0.761719 0.352315 0.079687 0.191667
1 0.605208 0.823148 0.097917 0.112963
1 0.568229 0.613889 0.059375 0.162963
3 0.642188 0.458796 0.101042 0.243519
4 0.745052 0.518056 0.046354 0.136111
4 0.706250 0.585648 0.067708 0.139815
4 0.743229 0.654630 0.063542 0.109259
0 0.270573 0.210648 0.111979 0.099074
