2 0.025260 0.865278 0.050521 0.197222
2 0.027865 0.753704 0.045312 0.185185
2 0.080729 0.843056 0.054167 0.213889
2 0.025781 0.649537 0.041146 0.126852
2 0.062500 0.615741 0.034375 0.112963
2 0.101823 0.699074 0.050521 0.222222
2 0.157292 0.663889 0.060417 0.166667
6 0.868490 0.666667 0.103646 0.072222
3 0.799479 0.924537 0.098958 0.150926
6 0.684896 0.910648 0.117708 0.071296
6 0.692448 0.796296 0.054688 0.166667
4 0.754167 0.510648 0.088542 0.097222
4 0.705469 0.585185 0.044271 0.162963
4 0.742448 0.700000 0.043229 0.166667
1 0.557031 0.339352 0.083854 0.145370
1 0.561458 0.435185 0.068750 0.164815
1 0.546094 0.535185 0.109896 0.112963
1 0.562500 0.664815 0.058333 0.153704
1 0.530729 0.793056 0.097917 0.069444
1 0.522656 0.926389 0.085938 0.093519
6 0.473698 0.213426 0.106771 0.071296
6 0.566927 0.155093 0.101562 0.087963
