2 0.031250 0.862963 0.062500 0.205556
2 0.078646 0.841667 0.082292 0.166667
2 0.154167 0.654167 0.060417 0.158333
2 0.106771 0.653241 0.040625 0.130556
2 0.066146 0.646296 0.055208 0.116667
2 0.028906 0.708333 0.043229 0.111111
2 0.132552 0.778704 0.065104 0.159259
0 0.274740 0.206944 0.111979 0.073148
0 0.314583 0.302315 0.131250 0.080556
0 0.762500 0.366667 0.089583 0.166667
0 0.860417 0.380093 0.087500 0.147222
3 0.644271 0.466204 0.092708 0.254630
4 0.744010 0.520370 0.058854 0.124074
4 0.706250 0.593056 0.055208 0.158333
4 0.741406 0.658796 0.065104 0.091667
1 0.604948 0.816667 0.072396 0.116667
6 0.786198 0.784722 0.117188 0.078704
6 0.740365 0.885185 0.099479 0.075926
1 0.580469 0.533796 0.044271 0.143519
6 0.486198 0.168519 0.079687 0.114815
