2 0.054948 0.756481 0.075521 0.225926
2 0.146615 0.637963 0.067187 0.168519
2 0.058333 0.647222 0.036458 0.122222
2 0.092708 0.642130 0.030208 0.145370
2 0.033594 0.638889 0.043229 0.094444
2 0.024219 0.834259 0.046354 0.148148
0 0.739323 0.263426 0.105729 0.078704
0 0.789323 0.398611 0.040104 0.210185
1 0.533333 0.449537 0.098958 0.078704
1 0.610938 0.446759 0.094792 0.137963
1 0.615885 0.593981 0.098437 0.062037
1 0.546875 0.662963 0.053125 0.168519
1 0.549219 0.933796 0.050521 0.117593
6 0.725260 0.689815 0.065104 0.122222
3 0.810677 0.912963 0.108854 0.170370
6 0.363542 0.513426 0.100000 0.095370
