4 0.743490 0.520833 0.047396 0.130556
4 0.704167 0.593519 0.039583 0.161111
4 0.741406 0.652315 0.067187 0.093519
6 0.877083 0.713426 0.092708 0.093519
6 0.737240 0.885648 0.111979 0.082407
1 0.602344 0.819907 0.079687 0.123148
1 0.576562 0.531019 0.052083 0.134259
2 0.075000 0.855556 0.053125 0.166667
2 0.133594 0.774074 0.077604 0.153704
2 0.153646 0.656481 0.065625 0.162963
2 0.115885 0.645833 0.048438 0.126852
2 0.071875 0.646759 0.059375 0.128704
2 0.041927 0.869907 0.071354 0.202778
2 0.027604 0.703704 0.029167 0.116667
0 0.279948 0.201852 0.111979 0.105556
0 0.316146 0.300463 0.097917 0.073148
0 0.767708 0.200926 0.095833 0.111111
0 0.865625 0.381019 0.065625 0.137963
0 0.762240 0.367130 0.074479 0.147222
6 0.481771 0.170370 0.096875 0.111111
