0 0.866406 0.384259 0.059896 0.148148
0 0.761198 0.202778 0.074479 0.122222
0 0.760156 0.366667 0.080729 0.159259
0 0.274219 0.205093 0.106771 0.069444
2 0.031250 0.864352 0.062500 0.199074
2 0.078646 0.843519 0.054167 0.174074
2 0.019271 0.702778 0.030208 0.118519
2 0.067969 0.655093 0.055729 0.119444
2 0.129427 0.772222 0.075521 0.175926
2 0.152604 0.658333 0.069792 0.159259
1 0.576042 0.531944 0.039583 0.139815
3 0.628125 0.480093 0.125000 0.197222
1 0.604948 0.823611 0.080729 0.123148
4 0.741927 0.517130 0.050521 0.126852
4 0.750000 0.665741 0.077083 0.087037
4 0.713542 0.581481 0.062500 0.170370
6 0.877083 0.718981 0.088542 0.082407
6 0.786198 0.839815 0.070312 0.170370
6 0.481250 0.171759 0.100000 0.093519
6 0.527604 0.273611 0.063542 0.195370
