0 0.276823 0.202315 0.105729 0.093519
0 0.300521 0.304630 0.127083 0.061111
0 0.759635 0.361111 0.083854 0.127778
0 0.863281 0.387037 0.071354 0.111111
2 0.032292 0.863889 0.064583 0.203704
2 0.076563 0.852778 0.060417 0.164815
2 0.132812 0.772222 0.062500 0.157407
2 0.145573 0.645833 0.051562 0.141667
2 0.107292 0.656019 0.039583 0.125000
2 0.067708 0.650463 0.066667 0.121296
2 0.021354 0.715741 0.034375 0.155556
1 0.598698 0.815741 0.086979 0.114815
1 0.575000 0.544907 0.039583 0.154630
3 0.647656 0.471296 0.092188 0.229630
4 0.740885 0.521759 0.056771 0.139815
4 0.750000 0.666667 0.070833 0.088889
4 0.713281 0.592130 0.041146 0.195370
6 0.878646 0.719444 0.097917 0.070370
6 0.738542 0.892593 0.089583 0.068519
6 0.813021 0.934259 0.073958 0.109259
6 0.489844 0.175926 0.074479 0.103704
