0 0.787760 0.407407 0.039062 0.224074
0 0.732812 0.267130 0.098958 0.078704
6 0.355729 0.503241 0.098958 0.089815
6 0.678385 0.414815 0.048438 0.198148
6 0.809375 0.905556 0.084375 0.170370
2 0.142708 0.638889 0.069792 0.198148
2 0.052865 0.757870 0.081771 0.236111
2 0.064062 0.651389 0.039583 0.141667
2 0.031250 0.638889 0.028125 0.116667
6 0.730990 0.696296 0.074479 0.112963
1 0.551302 0.912963 0.040104 0.109259
1 0.540365 0.674537 0.046354 0.184259
1 0.619531 0.599537 0.103646 0.062037
1 0.534635 0.458796 0.109896 0.097222
