0 0.864323 0.381944 0.075521 0.150926
0 0.767969 0.201852 0.110937 0.101852
0 0.764062 0.358333 0.068750 0.150000
0 0.277344 0.197222 0.110937 0.072222
0 0.318229 0.292130 0.097917 0.071296
2 0.034896 0.852315 0.063542 0.191667
2 0.085417 0.853241 0.061458 0.150926
2 0.134375 0.761574 0.059375 0.162037
2 0.154167 0.660185 0.058333 0.166667
2 0.110937 0.646759 0.036458 0.147222
2 0.076563 0.664815 0.058333 0.157407
1 0.602344 0.816204 0.083854 0.130556
1 0.577083 0.544907 0.035417 0.150926
3 0.637240 0.466667 0.113021 0.224074
6 0.526302 0.298148 0.054688 0.209259
6 0.877604 0.714352 0.091667 0.084259
4 0.746094 0.518056 0.052604 0.136111
4 0.702083 0.589352 0.048958 0.150926
4 0.740365 0.655556 0.069271 0.107407
