2 0.139583 0.630093 0.055208 0.184259
2 0.057031 0.771759 0.077604 0.191667
2 0.063542 0.650463 0.052083 0.162037
2 0.023698 0.637963 0.027604 0.111111
2 0.019271 0.840741 0.038542 0.153704
0 0.260677 0.183796 0.081771 0.145370
0 0.739583 0.259722 0.097917 0.082407
0 0.786198 0.413889 0.040104 0.229630
3 0.810417 0.908333 0.103125 0.168519
6 0.675260 0.407407 0.046354 0.166667
6 0.727865 0.688889 0.074479 0.124074
6 0.360938 0.507407 0.094792 0.103704
1 0.550781 0.912037 0.047396 0.129630
1 0.554427 0.689815 0.054688 0.164815
1 0.541927 0.447685 0.103646 0.086111
