2 0.146615 0.644907 0.053646 0.189815
2 0.058073 0.774074 0.071354 0.233333
2 0.070052 0.660185 0.047396 0.151852
2 0.022135 0.839815 0.044271 0.174074
2 0.028125 0.649537 0.028125 0.126852
6 0.363802 0.513889 0.108854 0.111111
6 0.739323 0.260648 0.109896 0.073148
6 0.786719 0.404630 0.047396 0.225926
0 0.259635 0.174074 0.083854 0.122222
2 0.541406 0.436574 0.106771 0.091667
2 0.550521 0.668519 0.054167 0.157407
2 0.552083 0.913889 0.035417 0.096296
3 0.812500 0.902315 0.090625 0.180556
6 0.728906 0.687963 0.072396 0.114815
6 0.679427 0.406944 0.050521 0.200926
