2 0.150260 0.635185 0.056771 0.166667
2 0.058594 0.764352 0.070312 0.210185
2 0.063021 0.644444 0.057292 0.127778
2 0.017708 0.843056 0.035417 0.152778
2 0.024740 0.660648 0.023438 0.141667
0 0.251042 0.210648 0.075000 0.115741
0 0.744010 0.263426 0.106771 0.082407
0 0.777604 0.400463 0.031250 0.217593
6 0.359375 0.507870 0.095833 0.123148
6 0.637760 0.505093 0.081771 0.075000
6 0.670573 0.406481 0.048438 0.168519
6 0.730469 0.690741 0.075521 0.101852
1 0.538802 0.441204 0.101562 0.078704
1 0.557552 0.711574 0.044271 0.147222
1 0.553906 0.913889 0.047396 0.122222
3 0.808333 0.900000 0.096875 0.168519
