0 0.250521 0.433796 0.071875 0.215741
0 0.246094 0.189815 0.078646 0.125926
0 0.794531 0.400463 0.074479 0.226852
0 0.736458 0.260648 0.115625 0.062037
6 0.545833 0.258796 0.053125 0.199074
6 0.728385 0.699074 0.083854 0.157407
6 0.736979 0.498148 0.116667 0.122222
3 0.817448 0.908796 0.104688 0.178704
2 0.146615 0.645833 0.045312 0.199074
2 0.051042 0.775926 0.069792 0.190741
2 0.069271 0.668519 0.061458 0.122222
2 0.096875 0.636111 0.030208 0.129630
2 0.026042 0.633333 0.026042 0.105556
2 0.023177 0.827778 0.046354 0.179630
1 0.548958 0.742593 0.051042 0.162963
2 0.280729 0.825000 0.059375 0.155556
