0 0.294010 0.384259 0.111979 0.116667
6 0.701042 0.187037 0.091667 0.098148
6 0.657292 0.293981 0.062500 0.186111
6 0.880990 0.519907 0.035937 0.125000
2 0.059375 0.738426 0.058333 0.136111
2 0.073177 0.871759 0.088021 0.184259
2 0.131510 0.653241 0.041146 0.152778
2 0.099219 0.642130 0.053646 0.137963
2 0.067187 0.640278 0.035417 0.137963
2 0.031250 0.619444 0.046875 0.159259
1 0.536979 0.532407 0.095833 0.103704
1 0.559635 0.705556 0.078646 0.170370
1 0.537760 0.876389 0.073438 0.117593
4 0.735938 0.339815 0.101042 0.105556
6 0.767708 0.416667 0.085417 0.090741
3 0.703125 0.486574 0.171875 0.141667
4 0.696615 0.654167 0.082812 0.071296
4 0.730208 0.734722 0.093750 0.108333
4 0.799479 0.708796 0.052083 0.123148
6 0.661719 0.773148 0.055729 0.185185
4 0.365885 0.841667 0.076563 0.109259
6 0.041927 0.370833 0.079687 0.082407
6 0.871875 0.698148 0.086458 0.120370
6 0.220833 0.093519 0.098958 0.114815
0 0.225260 0.202315 0.065104 0.078704
