0 0.254427 0.169444 0.107812 0.112963
0 0.740365 0.260648 0.120313 0.084259
0 0.789844 0.397685 0.039062 0.208333
2 0.145052 0.649537 0.054688 0.191667
2 0.058594 0.771759 0.070312 0.202778
2 0.071615 0.651389 0.056771 0.123148
2 0.021094 0.834259 0.042188 0.177778
2 0.035677 0.653241 0.039062 0.130556
1 0.553906 0.913426 0.047396 0.137963
6 0.626042 0.509722 0.105208 0.087963
6 0.746354 0.514352 0.119792 0.104630
6 0.722656 0.700926 0.076563 0.157407
3 0.811198 0.901389 0.111979 0.178704
6 0.321615 0.433796 0.080729 0.143519
