0 0.733333 0.257407 0.111458 0.062963
0 0.784896 0.399537 0.039583 0.200926
0 0.257552 0.184259 0.081771 0.114815
2 0.051562 0.788889 0.060417 0.172222
2 0.143750 0.644907 0.039583 0.186111
2 0.020052 0.837963 0.040104 0.177778
2 0.065885 0.648148 0.047396 0.120370
2 0.031250 0.656944 0.036458 0.149074
6 0.673438 0.389815 0.075000 0.162963
6 0.741927 0.519444 0.096354 0.100000
6 0.633333 0.506944 0.093750 0.075000
6 0.725260 0.706019 0.083854 0.158333
3 0.811458 0.892593 0.116667 0.157407
1 0.551823 0.915741 0.049479 0.118519
