0 0.732812 0.259722 0.105208 0.082407
0 0.793490 0.409722 0.044271 0.206481
0 0.245573 0.453241 0.049479 0.197222
0 0.262500 0.185185 0.089583 0.112963
6 0.676823 0.370833 0.116146 0.100926
6 0.742969 0.507870 0.115104 0.073148
6 0.717448 0.703704 0.077604 0.159259
6 0.706771 0.849074 0.090625 0.114815
3 0.821615 0.901389 0.098437 0.182407
2 0.146094 0.642130 0.050521 0.187963
2 0.049740 0.780556 0.047396 0.162963
2 0.064844 0.660648 0.051562 0.141667
2 0.025260 0.631019 0.026562 0.097222
2 0.022656 0.843519 0.045312 0.162963
1 0.552344 0.908796 0.056771 0.147222
