2 0.142187 0.642130 0.052083 0.187963
2 0.054427 0.773611 0.060937 0.195370
2 0.070052 0.646296 0.063021 0.116667
2 0.020573 0.843056 0.041146 0.149074
2 0.031250 0.645833 0.044792 0.134259
0 0.729167 0.272685 0.093750 0.075000
0 0.787240 0.401389 0.044271 0.228704
0 0.251563 0.179167 0.069792 0.171296
6 0.719792 0.701852 0.084375 0.162963
3 0.807812 0.908796 0.089583 0.182407
2 0.278125 0.824537 0.084375 0.139815
1 0.556510 0.721296 0.042188 0.177778
1 0.556510 0.912037 0.048438 0.103704
1 0.586719 0.420833 0.048438 0.147222
0 0.247917 0.436574 0.068750 0.195370
