0 0.737760 0.267130 0.115104 0.071296
0 0.786719 0.400463 0.053646 0.213889
0 0.257031 0.179167 0.098437 0.162037
0 0.243490 0.437963 0.047396 0.216667
6 0.700000 0.386111 0.102083 0.098148
6 0.733333 0.498148 0.119792 0.129630
1 0.544792 0.457870 0.095833 0.130556
1 0.553906 0.733333 0.051562 0.161111
2 0.288281 0.846759 0.072396 0.217593
2 0.141146 0.643519 0.050000 0.222222
2 0.057812 0.780556 0.059375 0.220370
2 0.060677 0.637963 0.048438 0.133333
2 0.021615 0.838889 0.043229 0.164815
2 0.013021 0.705556 0.021875 0.105556
2 0.017708 0.636111 0.027083 0.118519
6 0.550521 0.218056 0.034375 0.202778
6 0.478385 0.280556 0.107812 0.105556
3 0.810937 0.909259 0.095833 0.174074
