2 0.143229 0.650463 0.062500 0.193519
2 0.069010 0.657870 0.051562 0.139815
2 0.060937 0.808333 0.063542 0.150000
2 0.017708 0.845833 0.035417 0.154630
2 0.015625 0.709259 0.027083 0.111111
2 0.036719 0.665741 0.043229 0.151852
2 0.286198 0.804630 0.050521 0.207407
0 0.250521 0.175463 0.091667 0.136111
0 0.240365 0.446296 0.036979 0.183333
0 0.736198 0.267593 0.111979 0.059259
0 0.783333 0.406481 0.036458 0.218519
0 0.774219 0.187037 0.078646 0.112963
6 0.695573 0.380093 0.100521 0.086111
1 0.535156 0.456944 0.102604 0.113889
3 0.816146 0.903241 0.095833 0.186111
6 0.725260 0.860185 0.079687 0.118519
6 0.721875 0.693519 0.084375 0.161111
6 0.731771 0.494444 0.118750 0.107407
