3 0.292448 0.377778 0.104688 0.114815
6 0.656771 0.298148 0.067708 0.162963
6 0.662760 0.769444 0.053646 0.166667
2 0.028125 0.612037 0.038542 0.131481
2 0.057552 0.759722 0.070312 0.150926
2 0.069531 0.881944 0.091146 0.189815
2 0.027604 0.888889 0.055208 0.218519
2 0.089583 0.637037 0.030208 0.101852
2 0.127083 0.642593 0.052083 0.127778
2 0.126823 0.784722 0.076563 0.200926
6 0.039844 0.365278 0.071354 0.086111
6 0.839844 0.596759 0.076563 0.093519
6 0.878646 0.705093 0.087500 0.130556
6 0.880990 0.522222 0.044271 0.101852
6 0.771615 0.412963 0.077604 0.074074
3 0.706771 0.499074 0.181250 0.127778
4 0.706250 0.566204 0.053125 0.104630
4 0.696615 0.648611 0.082812 0.075000
4 0.796875 0.705556 0.059375 0.112963
4 0.734896 0.729630 0.080208 0.118519
4 0.369010 0.835185 0.074479 0.092593
1 0.551823 0.701389 0.053646 0.152778
1 0.531771 0.871759 0.085417 0.095370
6 0.700521 0.185648 0.096875 0.087963
0 0.230729 0.203704 0.064583 0.109259
4 0.738021 0.338426 0.088542 0.089815
