3 0.712240 0.495833 0.164062 0.137963
6 0.890104 0.511574 0.042708 0.126852
6 0.857552 0.578704 0.075521 0.103704
6 0.871094 0.703241 0.080729 0.130556
6 0.661719 0.767130 0.049479 0.158333
6 0.769531 0.406019 0.071354 0.069444
6 0.652865 0.298148 0.041146 0.166667
6 0.700521 0.181944 0.090625 0.069444
6 0.566406 0.346759 0.042188 0.206481
0 0.291667 0.374537 0.121875 0.113889
0 0.231510 0.207407 0.051562 0.109259
1 0.535156 0.540278 0.108854 0.106481
1 0.554948 0.704167 0.071354 0.147222
1 0.532031 0.864815 0.078646 0.098148
4 0.695573 0.569907 0.064062 0.104630
4 0.696615 0.658333 0.086979 0.062963
4 0.735938 0.729630 0.082292 0.107407
4 0.801562 0.705093 0.062500 0.123148
6 0.042969 0.365741 0.077604 0.072222
4 0.364063 0.838889 0.088542 0.118519
2 0.129427 0.787963 0.075521 0.166667
2 0.136458 0.648611 0.065625 0.093519
2 0.092708 0.642593 0.042708 0.124074
2 0.065365 0.639815 0.044271 0.133333
2 0.026823 0.623611 0.039062 0.162037
2 0.072135 0.881944 0.088021 0.197222
2 0.051302 0.743519 0.072396 0.122222
4 0.734896 0.343981 0.092708 0.097222
