6 0.879948 0.505556 0.052604 0.153704
6 0.885417 0.717130 0.089583 0.078704
6 0.840885 0.598611 0.050521 0.121296
3 0.714323 0.493981 0.180729 0.134259
6 0.661198 0.765278 0.070312 0.162037
1 0.528646 0.547222 0.102083 0.109259
1 0.552865 0.749074 0.097396 0.079630
1 0.549479 0.851389 0.068750 0.132407
6 0.567969 0.330556 0.043229 0.177778
4 0.734375 0.345833 0.081250 0.093519
0 0.291927 0.378241 0.114062 0.117593
0 0.226823 0.210648 0.060937 0.099074
4 0.803385 0.713889 0.070312 0.120370
4 0.740365 0.733796 0.073438 0.119444
4 0.691667 0.645370 0.090625 0.042593
4 0.713281 0.562037 0.053646 0.116667
4 0.364323 0.843056 0.083854 0.099074
6 0.675781 0.191204 0.107812 0.084259
2 0.027865 0.624537 0.045312 0.152778
2 0.070573 0.886111 0.094271 0.170370
2 0.128125 0.794907 0.088542 0.206481
2 0.126823 0.628241 0.050521 0.091667
2 0.014063 0.957870 0.028125 0.069444
2 0.018229 0.838889 0.028125 0.161111
2 0.099479 0.655093 0.033333 0.119444
2 0.051042 0.734722 0.061458 0.147222
