6 0.678385 0.194444 0.096354 0.112963
6 0.883073 0.518056 0.040104 0.132407
6 0.872656 0.703704 0.079687 0.109259
6 0.844271 0.590741 0.043750 0.162963
6 0.667969 0.294907 0.071354 0.191667
6 0.663021 0.765278 0.061458 0.154630
6 0.704167 0.514352 0.162500 0.150926
0 0.231510 0.212500 0.047396 0.091667
0 0.290365 0.367593 0.108854 0.111111
0 0.564063 0.276852 0.051042 0.181481
5 0.457292 0.216667 0.059375 0.157407
4 0.697656 0.638426 0.078646 0.082407
4 0.730469 0.732870 0.081771 0.097222
4 0.790625 0.705556 0.061458 0.109259
4 0.735417 0.337963 0.073958 0.109259
1 0.533854 0.547222 0.089583 0.101852
1 0.577083 0.694444 0.051042 0.155556
1 0.552604 0.837037 0.062500 0.122222
4 0.360938 0.843981 0.090625 0.097222
2 0.069271 0.878704 0.095833 0.166667
2 0.063542 0.738426 0.075000 0.154630
2 0.130729 0.799537 0.089583 0.193519
2 0.028125 0.620833 0.030208 0.176852
2 0.107812 0.656019 0.058333 0.125000
2 0.067448 0.631944 0.042188 0.141667
2 0.028646 0.873611 0.057292 0.213889
