2 0.029167 0.630556 0.042708 0.164815
2 0.057292 0.750000 0.060417 0.162963
2 0.023698 0.872685 0.047396 0.182407
2 0.065625 0.883333 0.096875 0.175926
2 0.122656 0.801389 0.077604 0.197222
2 0.099219 0.641667 0.047396 0.107407
2 0.134635 0.660648 0.099479 0.149074
0 0.293229 0.371296 0.118750 0.114815
0 0.231771 0.208796 0.052083 0.099074
3 0.710677 0.509722 0.171354 0.152778
6 0.682813 0.181944 0.097917 0.106481
6 0.675521 0.280556 0.056250 0.185185
6 0.888281 0.505556 0.048438 0.125926
6 0.844271 0.589815 0.043750 0.153704
6 0.877083 0.708796 0.082292 0.095370
6 0.663542 0.768519 0.092708 0.157407
1 0.528646 0.550000 0.104167 0.096296
1 0.573698 0.726389 0.048438 0.134259
1 0.551302 0.843056 0.076563 0.134259
4 0.733854 0.331481 0.077083 0.096296
4 0.735417 0.734722 0.071875 0.093519
4 0.798438 0.708796 0.062500 0.106481
4 0.697656 0.648148 0.070312 0.062963
4 0.362240 0.846759 0.079687 0.110185
6 0.559896 0.256019 0.041667 0.197222
6 0.767188 0.855556 0.082292 0.159259
