2 0.026302 0.629630 0.042188 0.174074
2 0.061979 0.746296 0.059375 0.166667
2 0.076563 0.878241 0.090625 0.189815
2 0.130469 0.800000 0.069271 0.209259
2 0.091146 0.644907 0.039583 0.139815
2 0.023177 0.893519 0.046354 0.209259
0 0.300000 0.376389 0.097917 0.117593
0 0.228906 0.212500 0.056771 0.099074
3 0.703646 0.506019 0.161458 0.141667
5 0.448698 0.217593 0.046354 0.166667
6 0.558594 0.275926 0.042188 0.200000
6 0.680469 0.187500 0.086979 0.080556
6 0.675000 0.287500 0.063542 0.180556
1 0.535677 0.554167 0.105729 0.086111
1 0.575781 0.688889 0.042188 0.159259
1 0.556510 0.823611 0.080729 0.119444
4 0.370052 0.847685 0.074479 0.100926
4 0.730990 0.344907 0.084896 0.080556
4 0.698177 0.644907 0.088021 0.071296
6 0.663802 0.758796 0.045312 0.152778
6 0.843229 0.591204 0.039583 0.136111
6 0.879427 0.506481 0.039062 0.098148
6 0.872135 0.700926 0.082812 0.107407
6 0.735938 0.733796 0.082292 0.087963
