6 0.883073 0.505556 0.035937 0.122222
6 0.843750 0.601852 0.060417 0.111111
6 0.879427 0.707870 0.081771 0.104630
6 0.662240 0.771759 0.052604 0.149074
6 0.771094 0.860185 0.068229 0.168519
3 0.705729 0.507870 0.153125 0.149074
6 0.689583 0.190741 0.131250 0.101852
6 0.670833 0.287037 0.087500 0.175926
1 0.541927 0.540278 0.114062 0.091667
1 0.561458 0.721296 0.094792 0.101852
1 0.545573 0.854167 0.076563 0.134259
4 0.690625 0.653241 0.086458 0.080556
0 0.292969 0.379630 0.109896 0.111111
0 0.231771 0.219444 0.052083 0.112963
6 0.573958 0.300000 0.065625 0.209259
4 0.730729 0.343981 0.088542 0.089815
4 0.798438 0.705556 0.054167 0.105556
4 0.739844 0.735648 0.080729 0.106481
4 0.365885 0.849074 0.066146 0.114815
2 0.022135 0.874537 0.044271 0.167593
2 0.031250 0.621759 0.040625 0.189815
2 0.057292 0.771759 0.062500 0.141667
2 0.066146 0.891667 0.087500 0.177778
2 0.126562 0.796759 0.083333 0.195370
2 0.081250 0.626389 0.031250 0.141667
2 0.121615 0.639815 0.081771 0.122222
