0 0.288802 0.373148 0.103646 0.107407
0 0.228906 0.209722 0.054688 0.089815
6 0.701302 0.187037 0.109896 0.105556
6 0.655729 0.299074 0.055208 0.179630
6 0.886198 0.514352 0.050521 0.117593
6 0.879427 0.713426 0.083854 0.097222
6 0.662760 0.771296 0.043229 0.166667
6 0.040365 0.365741 0.074479 0.072222
4 0.736198 0.338426 0.081771 0.089815
4 0.704427 0.575000 0.048438 0.103704
4 0.699740 0.645833 0.078646 0.069444
4 0.736719 0.728704 0.076563 0.098148
4 0.797917 0.710185 0.053125 0.109259
4 0.367708 0.837963 0.062500 0.098148
3 0.704948 0.497222 0.172396 0.120370
6 0.572135 0.336574 0.067187 0.193519
1 0.529167 0.544907 0.088542 0.078704
1 0.561979 0.706019 0.081250 0.162037
1 0.535156 0.863889 0.082812 0.107407
6 0.769531 0.406944 0.073438 0.067593
2 0.024740 0.629630 0.034896 0.162963
2 0.029167 0.871759 0.058333 0.195370
2 0.070573 0.876389 0.091146 0.186111
2 0.058594 0.650463 0.042188 0.143519
2 0.127865 0.805093 0.072396 0.193519
2 0.138021 0.667593 0.066667 0.155556
2 0.093229 0.645370 0.027083 0.164815
2 0.059375 0.737500 0.060417 0.126852
