6 0.567448 0.325926 0.046354 0.168519
6 0.883073 0.507407 0.042188 0.114815
6 0.882552 0.720370 0.075521 0.079630
6 0.771094 0.857407 0.084896 0.162963
6 0.659635 0.761574 0.053646 0.143519
6 0.767969 0.409722 0.074479 0.080556
6 0.659896 0.320370 0.057292 0.164815
6 0.689063 0.188426 0.113542 0.078704
0 0.291927 0.372222 0.099479 0.105556
0 0.228646 0.207870 0.060417 0.082407
2 0.067969 0.875463 0.085938 0.180556
2 0.030208 0.878241 0.060417 0.208333
2 0.029167 0.627315 0.040625 0.193519
2 0.124479 0.803704 0.089583 0.201852
2 0.133594 0.653241 0.065104 0.149074
2 0.088021 0.640741 0.033333 0.148148
2 0.059896 0.650926 0.027083 0.218519
3 0.713542 0.506481 0.187500 0.124074
4 0.366146 0.840741 0.094792 0.118519
4 0.739323 0.734722 0.079687 0.113889
4 0.803385 0.694444 0.054688 0.116667
4 0.695052 0.657870 0.090104 0.067593
4 0.698438 0.570833 0.058333 0.091667
4 0.735156 0.348611 0.077604 0.095370
1 0.536198 0.862037 0.070312 0.133333
1 0.553125 0.718981 0.093750 0.143519
1 0.529687 0.544907 0.095833 0.089815
