6 0.678125 0.314352 0.065625 0.176852
6 0.677344 0.182870 0.098437 0.093519
6 0.836198 0.579167 0.045312 0.132407
6 0.870573 0.702778 0.079687 0.111111
6 0.880990 0.512500 0.042188 0.108333
3 0.711719 0.497685 0.179688 0.134259
1 0.577344 0.691204 0.047396 0.145370
1 0.559896 0.830556 0.061458 0.116667
1 0.535156 0.569907 0.115104 0.086111
4 0.734115 0.338426 0.078646 0.078704
4 0.741406 0.736574 0.090104 0.089815
4 0.797917 0.712963 0.059375 0.103704
6 0.662760 0.765278 0.059896 0.150926
4 0.694531 0.654167 0.084896 0.075000
0 0.302344 0.363889 0.080729 0.133333
0 0.233333 0.212037 0.051042 0.105556
6 0.558594 0.274074 0.052604 0.183333
4 0.370052 0.843519 0.080729 0.105556
2 0.068750 0.885185 0.092708 0.187037
2 0.123958 0.799537 0.075000 0.200926
2 0.059115 0.747222 0.049479 0.153704
2 0.021354 0.637963 0.032292 0.207407
2 0.066667 0.641204 0.034375 0.136111
2 0.128125 0.661111 0.060417 0.107407
2 0.028646 0.878241 0.057292 0.193519
6 0.816667 0.912963 0.060417 0.090741
