6 0.564844 0.264352 0.051562 0.184259
6 0.671354 0.318056 0.068750 0.152778
6 0.838802 0.592130 0.042188 0.180556
6 0.884896 0.516204 0.034375 0.139815
6 0.872917 0.712500 0.088542 0.091667
6 0.825781 0.918519 0.076563 0.098148
6 0.662240 0.765741 0.046354 0.162963
3 0.723177 0.512500 0.164062 0.136111
1 0.534375 0.556019 0.088542 0.084259
1 0.574219 0.693519 0.045312 0.146296
1 0.552344 0.825926 0.070312 0.118519
4 0.695573 0.645833 0.080729 0.080556
4 0.726302 0.735648 0.073438 0.091667
4 0.802604 0.699074 0.060417 0.125926
6 0.760938 0.873611 0.064583 0.195370
4 0.361719 0.844907 0.076563 0.115741
0 0.303906 0.352778 0.090104 0.168519
4 0.734896 0.337037 0.090625 0.075926
2 0.063021 0.875463 0.095833 0.187963
2 0.132031 0.798611 0.070312 0.206481
2 0.064583 0.761111 0.058333 0.166667
2 0.033333 0.668519 0.042708 0.229630
2 0.101302 0.647685 0.071354 0.152778
