6 0.494010 0.206944 0.084896 0.141667
6 0.556771 0.234722 0.061458 0.128704
6 0.527604 0.357870 0.095833 0.087963
6 0.723177 0.726852 0.069271 0.112963
6 0.624479 0.670370 0.059375 0.168519
6 0.893490 0.887963 0.047396 0.162963
6 0.764062 0.315278 0.050000 0.182407
0 0.825521 0.408796 0.052083 0.193519
6 0.890104 0.488426 0.082292 0.115741
3 0.715885 0.468056 0.113021 0.250926
0 0.262240 0.177315 0.052604 0.154630
1 0.515625 0.872685 0.093750 0.086111
1 0.609375 0.505093 0.091667 0.082407
1 0.626042 0.402315 0.090625 0.080556
2 0.040365 0.952315 0.072396 0.095370
2 0.087240 0.861111 0.079687 0.185185
2 0.122917 0.763426 0.058333 0.128704
2 0.173437 0.746296 0.056250 0.162963
2 0.160677 0.627315 0.047396 0.136111
2 0.093229 0.642593 0.055208 0.116667
2 0.061458 0.644907 0.056250 0.150926
2 0.048438 0.749074 0.054167 0.133333
5 0.877083 0.591667 0.068750 0.100000
