2 0.033073 0.945370 0.048438 0.109259
2 0.024219 0.726852 0.033854 0.155556
2 0.086458 0.862500 0.062500 0.191667
2 0.051823 0.710185 0.036979 0.166667
2 0.057552 0.662963 0.024479 0.168519
2 0.094271 0.629167 0.045833 0.158333
2 0.120833 0.768056 0.066667 0.230556
2 0.201563 0.674537 0.066667 0.206481
6 0.047917 0.375463 0.053125 0.076852
6 0.518490 0.351389 0.083854 0.182407
6 0.459375 0.433333 0.063542 0.222222
6 0.789323 0.669444 0.038021 0.166667
6 0.742448 0.757870 0.075521 0.071296
6 0.700000 0.658333 0.102083 0.059259
6 0.867969 0.631019 0.070312 0.154630
6 0.364844 0.580556 0.082812 0.153704
6 0.638281 0.184722 0.046354 0.136111
0 0.757812 0.194444 0.093750 0.124074
1 0.609896 0.552778 0.064583 0.162963
1 0.535937 0.587037 0.095833 0.109259
1 0.579948 0.862963 0.079687 0.062963
1 0.560417 0.698611 0.096875 0.139815
0 0.277604 0.420370 0.089583 0.177778
3 0.290365 0.254630 0.132812 0.261111
