0 0.278125 0.407870 0.088542 0.180556
3 0.298438 0.236574 0.122917 0.204630
0 0.812500 0.420370 0.038542 0.205556
0 0.758073 0.183796 0.104688 0.123148
6 0.532813 0.397685 0.071875 0.186111
6 0.452083 0.386111 0.083333 0.155556
1 0.593750 0.511111 0.044792 0.168519
1 0.535937 0.572685 0.100000 0.084259
1 0.583073 0.877315 0.071354 0.069444
6 0.360417 0.576852 0.081250 0.114815
6 0.718229 0.659722 0.093750 0.078704
6 0.792448 0.650463 0.040104 0.154630
6 0.745573 0.751389 0.085938 0.080556
6 0.853646 0.636111 0.090625 0.075926
4 0.249479 0.518981 0.087500 0.084259
2 0.035156 0.950926 0.050521 0.098148
2 0.089583 0.866667 0.060417 0.174074
2 0.118750 0.768056 0.060417 0.184259
2 0.196615 0.681944 0.044271 0.195370
2 0.096354 0.632407 0.041667 0.118519
2 0.064583 0.647685 0.040625 0.130556
2 0.023698 0.733333 0.043229 0.164815
2 0.056510 0.717593 0.044271 0.162963
