0 0.775260 0.198148 0.086979 0.070370
0 0.753385 0.318981 0.111979 0.089815
6 0.712500 0.742130 0.094792 0.075000
6 0.854948 0.685648 0.086979 0.095370
6 0.828125 0.785648 0.063542 0.130556
6 0.648698 0.596759 0.124479 0.060185
1 0.587240 0.487500 0.036979 0.128704
1 0.530729 0.581944 0.126042 0.080556
1 0.591667 0.683796 0.070833 0.099074
1 0.610938 0.844444 0.098958 0.107407
6 0.083594 0.515741 0.068229 0.111111
6 0.180469 0.488426 0.089063 0.065741
2 0.036198 0.955093 0.070312 0.086111
2 0.084115 0.868056 0.079687 0.184259
2 0.142708 0.884259 0.061458 0.094444
2 0.120573 0.760648 0.049479 0.156481
2 0.176823 0.738426 0.043229 0.197222
2 0.059115 0.729630 0.045312 0.114815
2 0.053646 0.637963 0.032292 0.111111
2 0.096875 0.649537 0.038542 0.141667
2 0.030469 0.740278 0.048438 0.175000
2 0.182552 0.652778 0.084896 0.111111
3 0.770052 0.921759 0.149479 0.137963
6 0.890625 0.862963 0.027083 0.151852
