2 0.033594 0.955093 0.047396 0.089815
2 0.085156 0.865741 0.069271 0.183333
2 0.059896 0.734722 0.057292 0.128704
2 0.023177 0.741667 0.033854 0.168519
2 0.060937 0.649537 0.031250 0.126852
2 0.097396 0.636111 0.057292 0.107407
2 0.118490 0.762500 0.067187 0.187963
2 0.209896 0.681944 0.062500 0.184259
2 0.167448 0.747222 0.038021 0.161111
3 0.296875 0.238426 0.126042 0.186111
4 0.248438 0.514352 0.083333 0.082407
0 0.273177 0.412037 0.110937 0.168519
6 0.353906 0.577778 0.082812 0.151852
6 0.445573 0.392593 0.096354 0.122222
6 0.524740 0.399537 0.059896 0.215741
6 0.712760 0.656944 0.089063 0.080556
6 0.745313 0.749074 0.087500 0.088889
6 0.792969 0.649074 0.051562 0.161111
0 0.808854 0.422222 0.037500 0.212963
0 0.753646 0.190741 0.091667 0.112963
6 0.859375 0.638889 0.091667 0.090741
1 0.601302 0.509259 0.049479 0.172222
1 0.529687 0.577315 0.102083 0.075000
1 0.578906 0.864815 0.079687 0.059259
