6 0.511458 0.318056 0.059375 0.187963
6 0.446615 0.392593 0.108854 0.122222
3 0.294531 0.236574 0.113021 0.208333
0 0.275000 0.413889 0.094792 0.161111
0 0.811979 0.422222 0.048958 0.216667
0 0.759115 0.186111 0.098437 0.118519
1 0.596354 0.508796 0.037500 0.186111
1 0.531771 0.574537 0.111458 0.087963
1 0.578125 0.864815 0.076042 0.070370
6 0.353906 0.565741 0.072396 0.162963
4 0.248958 0.511574 0.088542 0.102778
6 0.862500 0.638889 0.091667 0.116667
6 0.788802 0.657407 0.039062 0.161111
6 0.703125 0.651389 0.095833 0.091667
6 0.747656 0.756019 0.081771 0.093519
2 0.031771 0.947222 0.053125 0.105556
2 0.085156 0.873611 0.071354 0.184259
2 0.022135 0.728704 0.033854 0.162963
2 0.054948 0.738426 0.049479 0.139815
2 0.121615 0.758796 0.053646 0.199074
2 0.081510 0.617593 0.016146 0.101852
2 0.198698 0.663889 0.046354 0.155556
2 0.163802 0.748148 0.055729 0.174074
