1 0.528385 0.457407 0.108854 0.111111
1 0.546875 0.575926 0.108333 0.066667
1 0.583073 0.672222 0.071354 0.100000
1 0.520052 0.727778 0.086979 0.103704
1 0.564063 0.773148 0.033333 0.098148
1 0.513281 0.867130 0.080729 0.075000
1 0.587760 0.882407 0.098437 0.112963
6 0.727083 0.750926 0.093750 0.088889
6 0.865365 0.685648 0.081771 0.073148
6 0.894271 0.888889 0.064583 0.133333
0 0.746094 0.325463 0.104688 0.095370
0 0.791927 0.360185 0.109896 0.068519
6 0.264583 0.415741 0.097917 0.103704
0 0.751042 0.195370 0.112500 0.075926
0 0.777604 0.170370 0.091667 0.100000
6 0.294792 0.211574 0.055208 0.193519
2 0.034896 0.953241 0.061458 0.093519
2 0.088802 0.878241 0.074479 0.193519
2 0.118490 0.765741 0.057812 0.162963
2 0.172396 0.750000 0.042708 0.212963
2 0.041667 0.740278 0.057292 0.125000
2 0.059896 0.669907 0.037500 0.200926
2 0.090625 0.649537 0.038542 0.137963
2 0.129688 0.642130 0.037500 0.134259
6 0.371094 0.846759 0.080729 0.160185
