6 0.446094 0.393056 0.083854 0.130556
0 0.815885 0.422222 0.047396 0.209259
0 0.753125 0.185648 0.088542 0.137963
1 0.536198 0.574537 0.100521 0.080556
1 0.582552 0.872685 0.080729 0.075000
1 0.591927 0.500926 0.048438 0.170370
0 0.281771 0.413889 0.097917 0.146296
3 0.293229 0.232870 0.129167 0.193519
2 0.036979 0.946759 0.065625 0.087963
2 0.087240 0.868981 0.077604 0.178704
2 0.055469 0.731944 0.044271 0.145370
2 0.024219 0.733796 0.040104 0.152778
2 0.090365 0.628704 0.043229 0.107407
2 0.117448 0.765278 0.067187 0.182407
2 0.198437 0.654167 0.058333 0.150926
2 0.184635 0.754167 0.042188 0.139815
6 0.350781 0.559259 0.080729 0.157407
6 0.580990 0.660648 0.114062 0.080556
6 0.696094 0.656944 0.105729 0.073148
6 0.744531 0.750000 0.081771 0.090741
6 0.796875 0.664815 0.043750 0.168519
6 0.825000 0.778704 0.061458 0.127778
6 0.860938 0.648611 0.090625 0.139815
6 0.511719 0.324537 0.051562 0.208333
