6 0.765625 0.308796 0.048958 0.195370
6 0.898698 0.886111 0.059896 0.166667
6 0.729948 0.725000 0.080729 0.131481
6 0.627083 0.666204 0.054167 0.137963
6 0.558594 0.237037 0.070312 0.166667
6 0.488021 0.196296 0.088542 0.131481
6 0.531250 0.358333 0.101042 0.092593
5 0.872396 0.595370 0.071875 0.111111
0 0.822135 0.406019 0.055729 0.176852
1 0.629948 0.393519 0.086979 0.066667
1 0.609896 0.507870 0.094792 0.073148
1 0.602865 0.807407 0.091146 0.148148
1 0.511198 0.877315 0.106771 0.087963
3 0.720833 0.475926 0.105208 0.259259
2 0.035937 0.951389 0.067708 0.097222
2 0.086719 0.874537 0.070312 0.189815
2 0.121354 0.759722 0.065625 0.143519
2 0.173958 0.760648 0.053125 0.156481
2 0.169271 0.631481 0.060417 0.124074
2 0.103385 0.643056 0.067187 0.139815
2 0.059635 0.639815 0.042188 0.137037
2 0.049479 0.748148 0.058333 0.109259
