3 0.297396 0.233333 0.148958 0.225926
6 0.048438 0.369907 0.062500 0.065741
6 0.370312 0.581481 0.095833 0.155556
6 0.454167 0.400463 0.076042 0.176852
6 0.744531 0.753704 0.075521 0.070370
6 0.791406 0.656019 0.048438 0.154630
6 0.818490 0.776852 0.070312 0.116667
6 0.862760 0.642593 0.072396 0.151852
6 0.697917 0.660185 0.097917 0.062963
1 0.600781 0.508796 0.048438 0.150926
1 0.535677 0.582407 0.103646 0.079630
1 0.579688 0.865278 0.086458 0.089815
0 0.759115 0.182870 0.102604 0.121296
0 0.826562 0.435648 0.068750 0.208333
6 0.634115 0.190741 0.044271 0.151852
0 0.272656 0.412037 0.101562 0.172222
2 0.037760 0.950926 0.073438 0.098148
2 0.022656 0.727315 0.034896 0.143519
2 0.088802 0.872685 0.072396 0.204630
2 0.053906 0.727778 0.049479 0.179630
2 0.058854 0.643056 0.035417 0.136111
2 0.123437 0.767130 0.061458 0.197222
2 0.092708 0.616204 0.040625 0.128704
2 0.204687 0.670370 0.052083 0.164815
4 0.253906 0.511574 0.082812 0.106481
