2 0.060677 0.644444 0.048438 0.109259
2 0.100260 0.635185 0.043229 0.127778
2 0.113802 0.761574 0.082812 0.178704
2 0.167708 0.629630 0.059375 0.112963
2 0.176302 0.750000 0.072396 0.185185
2 0.035417 0.956944 0.066667 0.086111
2 0.042448 0.770833 0.050521 0.193519
6 0.354948 0.386111 0.050521 0.227778
6 0.540365 0.363426 0.106771 0.082407
6 0.480729 0.195370 0.086458 0.111111
6 0.559896 0.242130 0.061458 0.178704
6 0.896094 0.883333 0.038021 0.168519
6 0.726823 0.731019 0.068229 0.128704
6 0.762240 0.318981 0.046354 0.182407
0 0.826823 0.409259 0.046354 0.177778
0 0.269010 0.201852 0.050521 0.174074
0 0.200000 0.404167 0.065625 0.163889
5 0.871875 0.600926 0.062500 0.112963
6 0.886979 0.498148 0.098958 0.107407
3 0.720833 0.490278 0.101042 0.256481
1 0.629167 0.405093 0.101042 0.089815
1 0.603125 0.523148 0.093750 0.111111
1 0.507812 0.869907 0.093750 0.087963
