2 0.036719 0.951389 0.049479 0.097222
2 0.087760 0.882407 0.068229 0.151852
2 0.100781 0.771759 0.052604 0.126852
2 0.040885 0.754630 0.043229 0.118519
2 0.079167 0.649537 0.035417 0.152778
2 0.114583 0.668519 0.059375 0.122222
2 0.165885 0.634722 0.039062 0.086111
2 0.177344 0.736574 0.050521 0.165741
2 0.289323 0.650463 0.072396 0.078704
2 0.290365 0.841667 0.096354 0.066667
2 0.292187 0.932870 0.068750 0.069444
3 0.445312 0.562500 0.125000 0.182407
0 0.294792 0.251852 0.102083 0.135185
1 0.601042 0.515278 0.062500 0.160185
