5 0.875000 0.595370 0.080208 0.111111
0 0.830469 0.408796 0.050521 0.193519
6 0.764583 0.305556 0.051042 0.212963
6 0.480990 0.191667 0.078646 0.122222
6 0.535937 0.352315 0.100000 0.091667
6 0.727865 0.739352 0.078646 0.141667
6 0.348698 0.414815 0.056771 0.205556
6 0.224740 0.551852 0.104688 0.061111
3 0.716146 0.478241 0.100000 0.262037
1 0.622396 0.400463 0.093750 0.065741
1 0.603385 0.510648 0.090104 0.097222
1 0.580208 0.951389 0.069792 0.089815
6 0.895052 0.887037 0.038021 0.190741
2 0.033594 0.953241 0.051562 0.093519
2 0.092448 0.862963 0.077604 0.188889
2 0.125000 0.757870 0.068750 0.136111
2 0.172396 0.629167 0.066667 0.121296
2 0.173437 0.749074 0.075000 0.168519
2 0.098177 0.637963 0.053646 0.118519
2 0.061458 0.643519 0.040625 0.122222
2 0.054167 0.744444 0.063542 0.105556
6 0.880208 0.509722 0.096875 0.084259
6 0.605990 0.813889 0.076563 0.114815
