6 0.343750 0.500000 0.054167 0.229630
6 0.527604 0.343981 0.093750 0.097222
6 0.761719 0.311574 0.041146 0.186111
6 0.874479 0.509722 0.093750 0.119444
6 0.897656 0.879167 0.039062 0.184259
6 0.827604 0.926389 0.047917 0.147222
6 0.736458 0.708796 0.065625 0.141667
1 0.600260 0.520833 0.088021 0.137963
1 0.532813 0.734259 0.095833 0.112963
1 0.571615 0.952315 0.054688 0.095370
6 0.454427 0.949074 0.108854 0.101852
0 0.288281 0.222222 0.076563 0.142593
0 0.194531 0.410648 0.068229 0.128704
6 0.483854 0.187500 0.084375 0.130556
3 0.732292 0.470370 0.126042 0.259259
2 0.034896 0.952315 0.057292 0.095370
2 0.092188 0.863889 0.073958 0.187037
2 0.042969 0.737037 0.051562 0.112963
2 0.058594 0.640741 0.044271 0.144444
2 0.095573 0.632407 0.046354 0.118519
2 0.119010 0.755556 0.070312 0.159259
2 0.165885 0.620370 0.057812 0.114815
2 0.176302 0.757870 0.072396 0.182407
0 0.828125 0.396296 0.045833 0.211111
