0 0.283073 0.225000 0.080729 0.151852
0 0.822396 0.416667 0.034375 0.188889
6 0.346875 0.449074 0.066667 0.181481
6 0.882552 0.510648 0.088021 0.104630
6 0.891927 0.879630 0.048438 0.161111
6 0.530729 0.365741 0.111458 0.114815
6 0.477344 0.184722 0.090104 0.128704
6 0.749479 0.764352 0.081250 0.156481
3 0.719792 0.485648 0.098958 0.228704
6 0.763281 0.303704 0.050521 0.174074
1 0.628125 0.401389 0.094792 0.078704
1 0.598698 0.525926 0.084896 0.116667
1 0.517188 0.764352 0.092708 0.137963
1 0.579167 0.954167 0.073958 0.091667
6 0.200521 0.537037 0.084375 0.101852
2 0.035417 0.955093 0.056250 0.089815
2 0.088542 0.868519 0.064583 0.177778
2 0.175000 0.745370 0.053125 0.172222
2 0.167187 0.633333 0.062500 0.155556
2 0.094792 0.621296 0.056250 0.109259
2 0.116927 0.756019 0.064062 0.143519
2 0.047396 0.743519 0.062500 0.122222
2 0.059115 0.637963 0.047396 0.125926
6 0.618490 0.654167 0.097396 0.128704
