0 0.759375 0.318056 0.095833 0.102778
0 0.285417 0.243519 0.068750 0.164815
5 0.869010 0.612037 0.056771 0.140741
6 0.800000 0.420833 0.095833 0.086111
6 0.520833 0.362963 0.097917 0.112963
6 0.454687 0.215278 0.056250 0.182407
6 0.461198 0.676389 0.071354 0.130556
6 0.716927 0.710648 0.113021 0.091667
3 0.813021 0.931944 0.150000 0.117593
2 0.036719 0.951389 0.055729 0.097222
2 0.099740 0.880093 0.098437 0.154630
2 0.039844 0.742593 0.057812 0.112963
2 0.058594 0.662037 0.044271 0.162963
2 0.099219 0.638889 0.041146 0.090741
2 0.120052 0.754630 0.078646 0.172222
2 0.172917 0.624537 0.063542 0.102778
2 0.166927 0.750000 0.083854 0.198148
1 0.536458 0.518981 0.092708 0.084259
1 0.602865 0.627778 0.072396 0.116667
1 0.562760 0.717130 0.047396 0.147222
1 0.603906 0.829630 0.115104 0.072222
1 0.568229 0.893519 0.097917 0.070370
1 0.577865 0.963889 0.078646 0.050000
0 0.233333 0.449074 0.055208 0.148148
6 0.338542 0.169444 0.058333 0.159259
