6 0.758594 0.312500 0.051562 0.206481
6 0.741927 0.748148 0.076563 0.155556
6 0.892708 0.879167 0.035417 0.180556
6 0.625000 0.651389 0.082292 0.149074
6 0.608073 0.818056 0.080729 0.095370
6 0.536979 0.360185 0.093750 0.088889
6 0.564583 0.225926 0.060417 0.161111
6 0.348177 0.419444 0.047396 0.200000
3 0.719271 0.488426 0.089583 0.234259
0 0.821615 0.407870 0.048438 0.184259
6 0.880469 0.495370 0.069271 0.109259
5 0.875000 0.588889 0.066667 0.112963
1 0.632552 0.399537 0.092188 0.097222
1 0.602865 0.511574 0.100521 0.099074
1 0.573177 0.947685 0.049479 0.086111
6 0.480990 0.182870 0.084896 0.139815
2 0.037760 0.950000 0.059896 0.096296
2 0.061198 0.638889 0.045312 0.124074
2 0.096094 0.626389 0.045312 0.137963
2 0.161198 0.620370 0.046354 0.114815
2 0.182552 0.743519 0.048438 0.168519
2 0.117448 0.763426 0.053646 0.158333
2 0.050781 0.739815 0.053646 0.107407
2 0.085677 0.881019 0.066146 0.199074
0 0.283333 0.204167 0.054167 0.197222
