2 0.300521 0.847685 0.092708 0.100926
2 0.087760 0.886111 0.074479 0.170370
2 0.106771 0.776852 0.062500 0.120370
2 0.100260 0.666667 0.043229 0.118519
2 0.162240 0.631944 0.035937 0.069444
2 0.171875 0.748148 0.053125 0.181481
2 0.025260 0.955093 0.044271 0.089815
2 0.053906 0.750926 0.069271 0.103704
2 0.029167 0.629167 0.056250 0.143519
3 0.425781 0.566667 0.109896 0.222222
3 0.840625 0.479630 0.133333 0.220370
0 0.297396 0.253241 0.101042 0.137963
2 0.284115 0.663889 0.072396 0.098148
1 0.601302 0.517130 0.055729 0.187963
