3 0.444010 0.561574 0.146354 0.202778
0 0.258854 0.451852 0.060417 0.153704
2 0.283594 0.658796 0.075521 0.069444
2 0.301042 0.847685 0.091667 0.078704
2 0.289844 0.936574 0.077604 0.073148
2 0.177344 0.746296 0.048438 0.162963
2 0.166406 0.624537 0.046354 0.065741
2 0.114583 0.660185 0.057292 0.120370
2 0.108854 0.777778 0.056250 0.133333
2 0.090625 0.862963 0.066667 0.144444
2 0.033333 0.951389 0.062500 0.082407
2 0.047917 0.744444 0.055208 0.101852
2 0.027344 0.648611 0.042188 0.121296
2 0.075000 0.633333 0.027083 0.124074
1 0.605729 0.530556 0.068750 0.187037
