0 0.725781 0.322685 0.104688 0.063889
0 0.254948 0.435185 0.056771 0.161111
0 0.300000 0.265741 0.087500 0.112963
3 0.330469 0.576852 0.175521 0.214815
1 0.604948 0.515278 0.072396 0.169444
1 0.539323 0.884722 0.048438 0.191667
2 0.287760 0.943056 0.071354 0.082407
2 0.175000 0.754630 0.053125 0.164815
2 0.164844 0.635185 0.057812 0.116667
2 0.103906 0.751852 0.048438 0.166667
2 0.105469 0.634722 0.043229 0.078704
2 0.074479 0.622222 0.028125 0.107407
2 0.085417 0.867130 0.063542 0.182407
2 0.041927 0.734722 0.047396 0.082407
2 0.036198 0.646296 0.056771 0.120370
2 0.032813 0.955093 0.063542 0.086111
