0 0.747656 0.355093 0.111979 0.075000
0 0.309375 0.231944 0.098958 0.126852
0 0.246875 0.402315 0.064583 0.091667
3 0.539323 0.807407 0.046354 0.205556
3 0.560417 0.448148 0.092708 0.122222
2 0.281510 0.644907 0.077604 0.075000
2 0.293229 0.778704 0.096875 0.101852
2 0.090625 0.879630 0.064583 0.172222
2 0.101562 0.753241 0.062500 0.137963
2 0.109896 0.671759 0.062500 0.136111
2 0.072135 0.641667 0.036979 0.129630
2 0.028646 0.931944 0.057292 0.121296
2 0.042188 0.735648 0.056250 0.130556
2 0.178385 0.738889 0.066146 0.166667
2 0.168490 0.620833 0.046354 0.087963
