0 0.742708 0.343981 0.092708 0.078704
0 0.308594 0.243981 0.108854 0.139815
2 0.089583 0.869907 0.064583 0.152778
2 0.043750 0.731019 0.063542 0.147222
2 0.100781 0.757407 0.066146 0.124074
2 0.110677 0.651389 0.076563 0.115741
2 0.032292 0.924537 0.058333 0.139815
2 0.031250 0.633333 0.046875 0.109259
2 0.176302 0.733796 0.080729 0.184259
2 0.289844 0.787500 0.092188 0.119444
2 0.283854 0.649537 0.071875 0.087963
3 0.563021 0.812963 0.108333 0.224074
1 0.615885 0.492130 0.113021 0.073148
1 0.557031 0.460648 0.073438 0.132407
