1 0.616406 0.486574 0.088021 0.084259
1 0.545573 0.464352 0.076563 0.132407
3 0.544271 0.794907 0.064583 0.180556
2 0.283594 0.774074 0.114062 0.114815
2 0.292708 0.651389 0.061458 0.076852
2 0.178646 0.750000 0.064583 0.181481
2 0.091146 0.870833 0.061458 0.158333
2 0.098958 0.753704 0.058333 0.127778
2 0.103646 0.665741 0.058333 0.135185
2 0.064583 0.611111 0.019792 0.092593
2 0.045312 0.736574 0.070833 0.165741
2 0.033854 0.931944 0.067708 0.128704
2 0.167187 0.627315 0.056250 0.100926
3 0.234375 0.199537 0.046875 0.137963
