3 0.556510 0.815278 0.089063 0.243519
2 0.111198 0.762500 0.075521 0.137963
2 0.096094 0.872222 0.073438 0.162963
2 0.105990 0.665741 0.076563 0.135185
2 0.169010 0.736574 0.073438 0.178704
2 0.179167 0.638889 0.063542 0.131481
2 0.043229 0.731944 0.068750 0.145370
2 0.295312 0.780556 0.088542 0.124074
0 0.236198 0.200926 0.047396 0.122222
1 0.547396 0.452315 0.072917 0.141667
1 0.614844 0.490278 0.110937 0.091667
0 0.308594 0.227315 0.113021 0.128704
6 0.717187 0.696759 0.041667 0.193519
2 0.287500 0.655093 0.060417 0.080556
6 0.476302 0.954167 0.097396 0.091667
