1 0.623437 0.488426 0.093750 0.069444
1 0.549479 0.461574 0.062500 0.145370
3 0.543750 0.794907 0.067708 0.173148
0 0.314844 0.228704 0.105729 0.120370
0 0.236458 0.211574 0.053125 0.132407
2 0.289323 0.777778 0.096354 0.111111
2 0.286458 0.652315 0.064583 0.071296
2 0.091667 0.870370 0.064583 0.159259
2 0.034375 0.930093 0.062500 0.136111
2 0.103385 0.765278 0.069271 0.154630
2 0.107292 0.666667 0.065625 0.138889
2 0.069010 0.651389 0.043229 0.156481
2 0.172396 0.753704 0.077083 0.166667
2 0.176042 0.641667 0.063542 0.133333
2 0.035417 0.732407 0.066667 0.166667
4 0.425260 0.290278 0.046354 0.171296
0 0.243490 0.409722 0.065104 0.084259
