2 0.031771 0.958796 0.051042 0.082407
2 0.090365 0.880093 0.071354 0.147222
2 0.100260 0.757407 0.059896 0.120370
2 0.111458 0.682870 0.053125 0.136111
2 0.076042 0.650926 0.029167 0.114815
2 0.048438 0.750926 0.054167 0.103704
2 0.036458 0.651389 0.058333 0.115741
2 0.011979 0.840741 0.023958 0.107407
2 0.172396 0.739815 0.054167 0.164815
2 0.165365 0.626389 0.038021 0.065741
2 0.283854 0.650463 0.063542 0.086111
2 0.301563 0.842593 0.096875 0.103704
2 0.284635 0.935648 0.075521 0.067593
3 0.421875 0.550926 0.150000 0.159259
1 0.609896 0.511574 0.084375 0.141667
0 0.302865 0.244907 0.099479 0.134259
