1 0.609896 0.520370 0.066667 0.170370
0 0.237500 0.164815 0.053125 0.164815
0 0.289323 0.248148 0.098437 0.135185
3 0.432552 0.569444 0.134896 0.166667
2 0.037500 0.956944 0.060417 0.086111
2 0.049479 0.742593 0.064583 0.112963
2 0.083594 0.879167 0.076563 0.149074
2 0.100781 0.771296 0.068229 0.120370
2 0.107552 0.665741 0.049479 0.109259
2 0.076042 0.647222 0.033333 0.111111
2 0.172396 0.739352 0.060417 0.145370
2 0.168490 0.630093 0.048438 0.073148
2 0.284375 0.654167 0.064583 0.086111
2 0.298438 0.859259 0.094792 0.101852
2 0.283333 0.931019 0.082292 0.073148
