3 0.366927 0.549537 0.134896 0.145370
2 0.034896 0.957870 0.059375 0.084259
2 0.089583 0.859259 0.062500 0.224074
2 0.105208 0.761574 0.065625 0.175000
2 0.041406 0.755093 0.048438 0.145370
2 0.170833 0.745370 0.063542 0.161111
2 0.160677 0.616667 0.043229 0.072222
2 0.107552 0.646296 0.043229 0.098148
2 0.075781 0.625000 0.020313 0.111111
2 0.033333 0.633796 0.056250 0.137963
2 0.293750 0.940278 0.065625 0.080556
0 0.254688 0.444444 0.057292 0.168519
0 0.301302 0.268981 0.106771 0.136111
1 0.605208 0.525000 0.065625 0.179630
1 0.598177 0.333333 0.039062 0.138889
1 0.539583 0.895833 0.063542 0.189815
