3 0.429948 0.544907 0.166146 0.200926
0 0.238281 0.156019 0.053646 0.154630
0 0.298698 0.257870 0.105729 0.139815
2 0.032031 0.956944 0.048438 0.086111
2 0.018750 0.739352 0.031250 0.156481
2 0.048958 0.735648 0.057292 0.112037
2 0.075521 0.645833 0.032292 0.149074
2 0.085677 0.889815 0.060937 0.144444
2 0.108333 0.759722 0.057292 0.093519
2 0.113542 0.655093 0.055208 0.080556
2 0.164323 0.627315 0.042188 0.078704
2 0.173958 0.736574 0.063542 0.150926
2 0.288281 0.653241 0.082812 0.080556
2 0.288802 0.946296 0.069271 0.057407
2 0.295833 0.831944 0.081250 0.082407
