1 0.517708 0.675000 0.089583 0.174074
1 0.507031 0.929167 0.076563 0.137963
1 0.474479 0.961574 0.097917 0.076852
2 0.286719 0.774074 0.109896 0.114815
2 0.286458 0.641667 0.062500 0.075926
2 0.171875 0.745370 0.059375 0.179630
2 0.089323 0.874537 0.079687 0.147222
2 0.035417 0.942593 0.064583 0.100000
2 0.160677 0.631944 0.047396 0.076852
2 0.103385 0.653241 0.055729 0.126852
2 0.098177 0.751852 0.073438 0.120370
2 0.049479 0.744907 0.066667 0.130556
2 0.028385 0.649537 0.048438 0.126852
0 0.288281 0.332407 0.091146 0.101852
0 0.255990 0.395833 0.068229 0.093519
6 0.451042 0.506481 0.041667 0.235185
6 0.593750 0.846759 0.042708 0.213889
