0 0.228906 0.200926 0.050521 0.122222
0 0.295312 0.233796 0.122917 0.137963
3 0.557552 0.811111 0.082812 0.231481
1 0.609375 0.491204 0.078125 0.082407
2 0.293750 0.785648 0.102083 0.145370
2 0.288281 0.656944 0.064062 0.076852
2 0.088281 0.867130 0.083854 0.182407
2 0.177865 0.750000 0.049479 0.162963
2 0.164323 0.631019 0.040104 0.093519
2 0.107812 0.742593 0.066667 0.109259
2 0.106771 0.657407 0.072917 0.114815
2 0.068229 0.629167 0.035417 0.121296
2 0.044792 0.724074 0.061458 0.100000
2 0.027344 0.932870 0.052604 0.134259
2 0.032813 0.653241 0.059375 0.115741
