1 0.596354 0.518056 0.097917 0.078704
1 0.515104 0.659722 0.080208 0.150926
1 0.244531 0.397685 0.075521 0.078704
2 0.284115 0.771296 0.106771 0.105556
2 0.177865 0.740278 0.053646 0.182407
2 0.111458 0.768056 0.065625 0.145370
2 0.096354 0.871759 0.069792 0.149074
2 0.034375 0.948148 0.068750 0.096296
2 0.045312 0.750463 0.066667 0.139815
2 0.074740 0.648611 0.048438 0.150926
2 0.109375 0.642593 0.055208 0.116667
2 0.170833 0.630093 0.061458 0.084259
2 0.281250 0.641667 0.075000 0.072222
1 0.511979 0.937037 0.092708 0.111111
6 0.626042 0.862963 0.042708 0.201852
6 0.595313 0.848611 0.031250 0.230556
