0 0.238281 0.192593 0.049479 0.112963
0 0.314583 0.219444 0.096875 0.112963
0 0.287500 0.326852 0.064583 0.124074
0 0.251823 0.402315 0.080729 0.084259
2 0.035937 0.950463 0.061458 0.095370
2 0.044792 0.741667 0.053125 0.111111
2 0.085156 0.878241 0.069271 0.143519
2 0.102344 0.757407 0.057812 0.124074
2 0.075260 0.634259 0.043229 0.118519
2 0.108854 0.652315 0.075000 0.100926
2 0.167448 0.627315 0.052604 0.086111
2 0.177344 0.743981 0.054688 0.186111
2 0.279687 0.781481 0.115625 0.107407
2 0.287760 0.643981 0.065104 0.076852
3 0.533073 0.688889 0.110937 0.166667
1 0.611198 0.500926 0.079687 0.101852
1 0.560937 0.442593 0.083333 0.125926
