1 0.609375 0.518056 0.078125 0.139815
1 0.563542 0.441667 0.086458 0.109259
3 0.538802 0.682870 0.114062 0.186111
1 0.509896 0.943519 0.094792 0.112963
6 0.735417 0.786111 0.071875 0.177778
6 0.626042 0.727778 0.034375 0.218519
6 0.700781 0.370370 0.044271 0.220370
0 0.236458 0.190741 0.059375 0.124074
0 0.303906 0.230556 0.099479 0.116667
0 0.282813 0.324537 0.083333 0.132407
0 0.252083 0.389815 0.098958 0.090741
4 0.416667 0.296296 0.065625 0.166667
2 0.025781 0.614352 0.036979 0.086111
2 0.044271 0.729167 0.066667 0.147222
2 0.092708 0.870833 0.075000 0.158333
2 0.031771 0.941667 0.051042 0.112963
2 0.066146 0.611111 0.022917 0.100000
2 0.103906 0.656019 0.054688 0.121296
2 0.104427 0.753704 0.069271 0.105556
2 0.164323 0.632870 0.044271 0.093519
2 0.179948 0.742130 0.069271 0.197222
2 0.281250 0.777778 0.096875 0.107407
2 0.274219 0.648611 0.086979 0.075000
