3 0.541406 0.695833 0.117188 0.141667
2 0.033333 0.947222 0.052083 0.105556
2 0.026302 0.622685 0.044271 0.087963
2 0.031771 0.732870 0.063542 0.125000
2 0.088281 0.873611 0.088021 0.152778
2 0.108854 0.756944 0.060417 0.137963
2 0.086719 0.629630 0.052604 0.120370
2 0.173437 0.745833 0.075000 0.147222
2 0.183073 0.626389 0.079687 0.087963
2 0.281250 0.642130 0.072917 0.087963
0 0.286198 0.322222 0.080729 0.111111
0 0.308594 0.229630 0.106771 0.122222
1 0.611198 0.510185 0.081771 0.112963
2 0.285677 0.779630 0.109896 0.118519
2 0.505208 0.937037 0.092708 0.107407
2 0.472917 0.946296 0.090625 0.100000
2 0.248958 0.406944 0.101042 0.078704
