1 0.611458 0.506944 0.091667 0.082407
1 0.559635 0.451852 0.080729 0.122222
3 0.552344 0.807407 0.078646 0.188889
2 0.285677 0.652315 0.069271 0.082407
2 0.290365 0.779167 0.102604 0.136111
0 0.236198 0.194444 0.049479 0.120370
0 0.308073 0.225926 0.107812 0.118519
2 0.088021 0.852315 0.061458 0.149074
2 0.180990 0.750926 0.045312 0.179630
2 0.157292 0.612963 0.058333 0.068519
2 0.029687 0.940741 0.057292 0.118519
2 0.045833 0.756481 0.076042 0.153704
2 0.106250 0.768056 0.071875 0.149074
2 0.098177 0.658796 0.071354 0.095370
2 0.034375 0.642593 0.054167 0.131481
6 0.720052 0.692593 0.047396 0.201852
