0 0.284635 0.326852 0.081771 0.120370
3 0.540365 0.689352 0.108854 0.191667
2 0.048438 0.740278 0.064583 0.150926
2 0.088281 0.874537 0.071354 0.162037
2 0.068229 0.634722 0.033333 0.143519
2 0.098698 0.656019 0.080729 0.147222
2 0.032292 0.936574 0.052083 0.126852
2 0.180990 0.742130 0.065104 0.189815
2 0.191927 0.619907 0.085938 0.097222
2 0.282552 0.778704 0.111979 0.112963
2 0.284635 0.655093 0.073438 0.087963
1 0.610417 0.512500 0.081250 0.108333
1 0.509896 0.940741 0.092708 0.103704
6 0.411719 0.473148 0.051562 0.168519
