0 0.250000 0.398611 0.082292 0.102778
0 0.293750 0.321759 0.093750 0.115741
0 0.234375 0.196296 0.053125 0.135185
6 0.764583 0.932870 0.055208 0.134259
6 0.452604 0.491204 0.038542 0.212037
2 0.033333 0.944444 0.066667 0.096296
2 0.083854 0.863426 0.066667 0.139815
2 0.180990 0.747222 0.055729 0.168519
2 0.164844 0.625463 0.043229 0.071296
2 0.110417 0.659722 0.071875 0.136111
2 0.103646 0.773611 0.064583 0.134259
2 0.048438 0.744907 0.064583 0.130556
2 0.025000 0.640741 0.034375 0.120370
2 0.066667 0.641667 0.023958 0.125926
1 0.526042 0.673611 0.092708 0.139815
1 0.577083 0.712500 0.051042 0.141667
6 0.504948 0.556481 0.106771 0.087037
