1 0.527083 0.684722 0.086458 0.182407
1 0.580469 0.690741 0.044271 0.116667
1 0.593229 0.840278 0.045833 0.200926
1 0.564583 0.431019 0.092708 0.126852
1 0.612500 0.516204 0.093750 0.121296
1 0.512240 0.944444 0.076563 0.111111
0 0.234375 0.199537 0.053125 0.141667
0 0.308333 0.233796 0.127083 0.134259
0 0.286458 0.327778 0.092708 0.122222
2 0.029687 0.637963 0.053125 0.096296
2 0.043229 0.742130 0.070833 0.143519
2 0.091406 0.871759 0.073438 0.156481
2 0.036458 0.932407 0.062500 0.112963
2 0.073958 0.631019 0.029167 0.139815
2 0.105469 0.664352 0.073438 0.134259
2 0.099740 0.753704 0.089063 0.131481
2 0.161979 0.621759 0.035417 0.097222
2 0.175521 0.736574 0.068750 0.193519
2 0.294010 0.645370 0.083854 0.100000
2 0.286719 0.782407 0.103646 0.101852
