0 0.267708 0.402315 0.071875 0.141667
1 0.622396 0.458796 0.093750 0.089815
3 0.532292 0.689815 0.088542 0.157407
3 0.615885 0.763426 0.102604 0.128704
1 0.601823 0.868056 0.068229 0.145370
2 0.291406 0.788426 0.100521 0.128704
2 0.293229 0.914815 0.066667 0.151852
2 0.288281 0.645833 0.080729 0.076852
2 0.186458 0.735185 0.072917 0.168519
2 0.152865 0.632407 0.045312 0.118519
2 0.108854 0.656944 0.080208 0.141667
2 0.105729 0.767130 0.066667 0.139815
2 0.088281 0.857407 0.079687 0.166667
2 0.031250 0.949074 0.056250 0.094444
2 0.048438 0.741667 0.054167 0.111111
2 0.047656 0.639815 0.079687 0.118519
