0 0.230990 0.202778 0.052604 0.111111
0 0.271615 0.396296 0.047396 0.157407
2 0.093229 0.870833 0.076042 0.158333
2 0.178906 0.730556 0.047396 0.166667
2 0.150521 0.661111 0.059375 0.122222
2 0.108333 0.662500 0.065625 0.137963
2 0.073698 0.653241 0.040104 0.119444
2 0.106250 0.761574 0.069792 0.117593
2 0.027604 0.621759 0.033333 0.071296
2 0.041146 0.737500 0.060417 0.115741
2 0.033333 0.932870 0.060417 0.123148
2 0.284896 0.791204 0.097917 0.112037
2 0.288802 0.657870 0.077604 0.082407
3 0.523698 0.687037 0.069271 0.177778
1 0.580469 0.943056 0.074479 0.086111
