1 0.617969 0.457870 0.084896 0.106481
3 0.614323 0.727778 0.109896 0.161111
0 0.302344 0.327778 0.102604 0.100000
0 0.270313 0.416667 0.092708 0.148148
2 0.288281 0.793056 0.102604 0.130556
2 0.287500 0.652315 0.060417 0.075000
2 0.179427 0.738426 0.066146 0.178704
2 0.159635 0.624074 0.049479 0.111111
2 0.101302 0.642593 0.061979 0.109259
2 0.104688 0.761574 0.064583 0.139815
2 0.086979 0.850000 0.063542 0.170370
2 0.038281 0.944444 0.074479 0.111111
2 0.040885 0.736574 0.047396 0.117593
2 0.030469 0.637963 0.046354 0.096296
1 0.604427 0.868981 0.079687 0.150926
