0 0.231510 0.201389 0.049479 0.130556
0 0.292448 0.340278 0.100521 0.128704
0 0.246354 0.398611 0.089583 0.084259
2 0.089583 0.873611 0.066667 0.141667
2 0.179427 0.743519 0.064062 0.172222
2 0.103906 0.755556 0.068229 0.112963
2 0.109375 0.649074 0.055208 0.118519
2 0.074740 0.646759 0.042188 0.139815
2 0.030208 0.947222 0.054167 0.105556
2 0.040885 0.747222 0.053646 0.129630
2 0.023698 0.636111 0.041146 0.122222
2 0.184115 0.624537 0.073438 0.095370
2 0.290885 0.652315 0.077604 0.063889
2 0.294531 0.775000 0.108854 0.098148
6 0.455208 0.498611 0.051042 0.193519
6 0.411979 0.462500 0.061458 0.186111
6 0.359896 0.467593 0.086458 0.168519
2 0.526042 0.662963 0.096875 0.150000
2 0.575260 0.713889 0.049479 0.170370
