2 0.288802 0.775000 0.101562 0.116667
2 0.292187 0.649537 0.066667 0.073148
2 0.179427 0.744444 0.050521 0.177778
2 0.190625 0.627315 0.101042 0.060185
2 0.105208 0.648148 0.061458 0.105556
2 0.108854 0.777778 0.068750 0.142593
2 0.086198 0.858333 0.065104 0.172222
2 0.033333 0.945370 0.066667 0.101852
2 0.047396 0.746296 0.050000 0.127778
2 0.032813 0.643519 0.043750 0.103704
2 0.013542 0.758333 0.027083 0.172222
0 0.236198 0.193519 0.049479 0.114815
0 0.295833 0.339815 0.089583 0.101852
1 0.534896 0.692130 0.085417 0.143519
5 0.339583 0.136111 0.058333 0.092593
