2 0.027344 0.938889 0.052604 0.122222
2 0.086719 0.859259 0.066146 0.170370
2 0.040885 0.737037 0.049479 0.112963
2 0.096354 0.758796 0.065625 0.137963
2 0.093490 0.649074 0.047396 0.114815
2 0.029687 0.642593 0.043750 0.112963
2 0.155729 0.626389 0.037500 0.095370
2 0.169792 0.725000 0.065625 0.162963
2 0.195052 0.603241 0.049479 0.149074
2 0.236458 0.594907 0.035417 0.128704
2 0.288021 0.649537 0.061458 0.084259
2 0.294792 0.782407 0.100000 0.127778
1 0.623437 0.463426 0.085417 0.095370
3 0.526302 0.681019 0.084896 0.143519
1 0.273698 0.407407 0.073438 0.159259
1 0.234375 0.199074 0.057292 0.122222
1 0.602083 0.868056 0.063542 0.137963
1 0.592708 0.953241 0.080208 0.082407
