1 0.623958 0.451389 0.088542 0.097222
3 0.535937 0.687037 0.093750 0.155556
1 0.607031 0.871759 0.082812 0.141667
1 0.586198 0.950000 0.083854 0.100000
1 0.517708 0.942593 0.073958 0.103704
0 0.279687 0.413889 0.055208 0.203704
0 0.233594 0.198148 0.047396 0.120370
2 0.295833 0.795833 0.093750 0.147222
2 0.291927 0.658796 0.069271 0.080556
2 0.180469 0.744444 0.052604 0.166667
2 0.199219 0.606019 0.039062 0.143519
2 0.148698 0.637037 0.049479 0.135185
2 0.103906 0.659722 0.068229 0.143519
2 0.099740 0.762500 0.056771 0.134259
2 0.026823 0.628241 0.047396 0.069444
2 0.042188 0.740741 0.066667 0.105556
2 0.084635 0.861111 0.054688 0.138889
2 0.032292 0.942593 0.054167 0.114815
