2 0.143750 0.639815 0.031250 0.129630
2 0.176302 0.735648 0.054688 0.160185
2 0.085156 0.864352 0.059896 0.141667
2 0.033333 0.937963 0.062500 0.109259
2 0.056510 0.755093 0.068229 0.149074
2 0.031250 0.650463 0.028125 0.117593
2 0.102344 0.754167 0.069271 0.139815
2 0.099479 0.667593 0.059375 0.112963
2 0.067187 0.639352 0.025000 0.139815
2 0.291667 0.791204 0.091667 0.126852
2 0.289323 0.649537 0.066146 0.080556
0 0.235937 0.200000 0.052083 0.120370
0 0.272656 0.393519 0.053646 0.174074
0 0.714583 0.273611 0.120833 0.084259
1 0.616406 0.459722 0.077604 0.095370
1 0.633073 0.762500 0.084896 0.123148
1 0.529167 0.679167 0.082292 0.139815
1 0.590885 0.943519 0.080729 0.105556
1 0.515104 0.935648 0.068750 0.121296
