3 0.598958 0.783796 0.058333 0.202778
0 0.751042 0.261574 0.086458 0.150926
0 0.238021 0.208796 0.032292 0.084259
0 0.316406 0.279630 0.106771 0.079630
0 0.273177 0.389815 0.104688 0.098148
0 0.182812 0.411574 0.059375 0.130556
2 0.178385 0.748148 0.082812 0.224074
2 0.110677 0.663889 0.046354 0.162963
2 0.045312 0.760648 0.056250 0.152778
2 0.063021 0.646759 0.045833 0.150926
2 0.030208 0.637963 0.019792 0.118519
1 0.583854 0.557407 0.058333 0.142593
1 0.544531 0.424537 0.078646 0.075000
1 0.549479 0.759722 0.040625 0.143519
6 0.658854 0.237500 0.055208 0.134259
6 0.395573 0.227778 0.103646 0.068519
4 0.433594 0.323148 0.040104 0.174074
6 0.421875 0.469444 0.079167 0.150000
5 0.346875 0.527778 0.062500 0.124074
