0 0.760677 0.192593 0.071354 0.135185
0 0.294010 0.247222 0.109896 0.072222
0 0.218750 0.204630 0.030208 0.111111
0 0.244010 0.185648 0.040104 0.123148
0 0.253125 0.425463 0.038542 0.149074
0 0.219792 0.462500 0.028125 0.139815
0 0.192969 0.390741 0.036979 0.133333
1 0.634635 0.443519 0.085938 0.074074
1 0.563542 0.375463 0.072917 0.080556
1 0.611979 0.620833 0.072917 0.123148
1 0.535937 0.534259 0.097917 0.068519
1 0.528646 0.641204 0.089583 0.082407
1 0.547396 0.695370 0.092708 0.072222
1 0.598177 0.806481 0.083854 0.064815
3 0.400521 0.220370 0.097917 0.161111
6 0.878646 0.493056 0.061458 0.093519
6 0.885156 0.957870 0.056771 0.084259
6 0.698958 0.706019 0.033333 0.178704
6 0.748177 0.332407 0.078646 0.177778
6 0.595313 0.189815 0.041667 0.179630
6 0.634115 0.213426 0.050521 0.186111
6 0.448698 0.812037 0.040104 0.179630
6 0.281771 0.763426 0.045833 0.193519
