5 0.341146 0.755556 0.071875 0.094444
5 0.398698 0.738889 0.051562 0.166667
5 0.322396 0.615741 0.064583 0.094444
5 0.351823 0.518056 0.068229 0.121296
2 0.186458 0.732870 0.054167 0.204630
2 0.089323 0.752778 0.083854 0.146296
2 0.039844 0.753704 0.053646 0.155556
2 0.039844 0.646296 0.029687 0.112963
2 0.108854 0.660185 0.030208 0.101852
2 0.075521 0.640741 0.023958 0.116667
1 0.554948 0.430093 0.071354 0.075000
1 0.602344 0.592130 0.081771 0.087963
1 0.526563 0.772685 0.089583 0.082407
0 0.232292 0.209722 0.053125 0.108333
0 0.305469 0.290278 0.117188 0.078704
0 0.273958 0.389815 0.094792 0.094444
3 0.608594 0.798611 0.047396 0.252778
6 0.073438 0.534722 0.060417 0.087963
4 0.436458 0.322685 0.054167 0.154630
