3 0.602344 0.777778 0.069271 0.179630
0 0.751563 0.262500 0.081250 0.160185
1 0.579688 0.554630 0.058333 0.135185
1 0.639583 0.566204 0.057292 0.132407
1 0.546354 0.431019 0.101042 0.076852
1 0.556510 0.766667 0.052604 0.172222
0 0.230469 0.206944 0.051562 0.087963
0 0.317188 0.278704 0.121875 0.081481
0 0.276823 0.386111 0.114062 0.090741
6 0.662240 0.248611 0.056771 0.141667
5 0.348958 0.533333 0.060417 0.101852
2 0.180990 0.746296 0.077604 0.216667
2 0.107031 0.666667 0.044271 0.138889
2 0.066406 0.660185 0.046354 0.159259
2 0.044792 0.759722 0.035417 0.139815
2 0.040365 0.643519 0.024479 0.107407
0 0.185938 0.407870 0.061458 0.156481
6 0.399219 0.228704 0.110937 0.070370
4 0.432031 0.324537 0.047396 0.154630
