4 0.437500 0.327778 0.042708 0.164815
6 0.201302 0.491204 0.105729 0.086111
6 0.666927 0.944444 0.081771 0.100000
0 0.233333 0.211574 0.055208 0.093519
0 0.302865 0.290741 0.114062 0.053704
0 0.753646 0.281944 0.067708 0.145370
2 0.189062 0.734722 0.057292 0.204630
2 0.088281 0.748148 0.088021 0.170370
2 0.104427 0.671759 0.041146 0.143519
2 0.073438 0.624537 0.026042 0.084259
2 0.037760 0.636111 0.025521 0.092593
2 0.040365 0.767130 0.054688 0.178704
2 0.014063 0.629630 0.028125 0.109259
3 0.602865 0.771296 0.068229 0.277778
1 0.592187 0.586111 0.069792 0.088889
1 0.551302 0.432870 0.082812 0.076852
5 0.317969 0.612963 0.057812 0.103704
5 0.340625 0.748148 0.068750 0.098148
5 0.391667 0.740741 0.063542 0.162963
5 0.348177 0.519444 0.073438 0.103704
1 0.523438 0.775000 0.093750 0.098148
0 0.278385 0.390741 0.106771 0.103704
