1 0.559635 0.426389 0.076563 0.075000
1 0.525521 0.779167 0.091667 0.082407
2 0.188021 0.752778 0.053125 0.214815
2 0.091406 0.761574 0.077604 0.171296
2 0.038281 0.748148 0.066146 0.151852
2 0.011719 0.626389 0.023438 0.087963
2 0.110417 0.657870 0.037500 0.100926
2 0.076563 0.637963 0.028125 0.100000
2 0.042188 0.632407 0.032292 0.100000
3 0.612760 0.793056 0.048438 0.252778
0 0.235156 0.214815 0.047396 0.100000
0 0.300781 0.289352 0.109896 0.076852
0 0.279427 0.389815 0.108854 0.109259
0 0.763021 0.311574 0.062500 0.143519
1 0.595833 0.588889 0.070833 0.101852
5 0.341667 0.755556 0.062500 0.101852
5 0.395052 0.740278 0.046354 0.154630
5 0.319531 0.611111 0.052604 0.092593
5 0.347917 0.523148 0.064583 0.111111
4 0.432552 0.328704 0.042188 0.162963
6 0.197917 0.490278 0.089583 0.099074
6 0.456250 0.630556 0.091667 0.168519
