5 0.341667 0.519444 0.064583 0.111111
0 0.750521 0.248148 0.085417 0.131481
0 0.276302 0.389815 0.113021 0.077778
0 0.239844 0.212500 0.044271 0.087963
1 0.585156 0.558333 0.057812 0.144444
3 0.604688 0.775463 0.062500 0.191667
1 0.543229 0.430093 0.096875 0.086111
1 0.555469 0.756944 0.054688 0.145370
4 0.439844 0.335185 0.051562 0.164815
2 0.177865 0.744444 0.067187 0.212963
2 0.107812 0.662963 0.038542 0.150000
2 0.046354 0.757870 0.047917 0.143519
2 0.064583 0.655093 0.038542 0.160185
2 0.012500 0.651389 0.025000 0.137963
0 0.185156 0.439352 0.051562 0.186111
6 0.658333 0.228704 0.056250 0.166667
