0 0.755469 0.260648 0.075521 0.137963
0 0.231771 0.199537 0.040625 0.080556
0 0.309896 0.292130 0.119792 0.071296
0 0.276823 0.390278 0.105729 0.082407
0 0.183594 0.414815 0.072396 0.151852
4 0.436458 0.323611 0.050000 0.156481
6 0.393490 0.235648 0.103646 0.076852
6 0.751563 0.430093 0.087500 0.108333
6 0.471615 0.630556 0.052604 0.214815
5 0.346354 0.529630 0.065625 0.120370
5 0.338802 0.750000 0.076563 0.112963
3 0.608333 0.772685 0.063542 0.189815
1 0.634375 0.554630 0.059375 0.144444
1 0.577604 0.549074 0.052083 0.120370
1 0.546354 0.418519 0.092708 0.066667
2 0.188542 0.737500 0.060417 0.210185
2 0.123698 0.672222 0.049479 0.161111
2 0.069010 0.654630 0.047396 0.170370
2 0.037760 0.642593 0.034896 0.116667
2 0.008073 0.653241 0.016146 0.134259
2 0.053385 0.764352 0.048438 0.130556
