3 0.291927 0.921759 0.118229 0.149074
6 0.736458 0.836574 0.055208 0.086111
6 0.789323 0.901389 0.098437 0.067593
1 0.524219 0.117130 0.089063 0.087963
1 0.444531 0.138889 0.076563 0.066667
1 0.444010 0.198148 0.081771 0.094444
1 0.531250 0.200463 0.077083 0.082407
1 0.489583 0.292593 0.061458 0.112963
1 0.442969 0.451852 0.067187 0.161111
1 0.495573 0.600463 0.083854 0.078704
1 0.434115 0.656481 0.083854 0.062963
0 0.668229 0.553704 0.090625 0.096296
6 0.728646 0.410648 0.092708 0.128704
6 0.698177 0.195833 0.101562 0.084259
1 0.390625 0.926389 0.095833 0.100926
