4 0.432292 0.328704 0.036458 0.166667
0 0.278906 0.399074 0.105729 0.112963
0 0.314323 0.286574 0.113021 0.067593
3 0.615365 0.802778 0.034896 0.272222
1 0.560417 0.432870 0.082292 0.073148
1 0.604427 0.587037 0.073438 0.094444
1 0.600260 0.686111 0.105729 0.103704
1 0.530729 0.785185 0.093750 0.107407
5 0.343229 0.746296 0.071875 0.101852
5 0.321615 0.612963 0.054688 0.092593
5 0.352604 0.525000 0.064583 0.100000
6 0.464583 0.645833 0.058333 0.191667
2 0.190104 0.731944 0.061458 0.202778
2 0.097135 0.755556 0.079687 0.162963
2 0.109896 0.662963 0.042708 0.129630
2 0.078125 0.627315 0.037500 0.089815
2 0.040885 0.746296 0.071354 0.148148
2 0.015625 0.640741 0.025000 0.109259
2 0.041146 0.637963 0.034375 0.146296
6 0.715104 0.899537 0.089583 0.125000
6 0.080208 0.538426 0.063542 0.069444
