2 0.022656 0.557407 0.045312 0.229630
2 0.066927 0.704167 0.053646 0.236111
2 0.111719 0.697222 0.048438 0.183333
2 0.152604 0.727778 0.057292 0.172222
2 0.025260 0.145833 0.050521 0.141667
2 0.114844 0.137963 0.068229 0.092593
6 0.337760 0.209722 0.082812 0.175000
6 0.329427 0.518981 0.076563 0.187963
1 0.461198 0.293981 0.051562 0.175000
1 0.496875 0.542130 0.098958 0.095370
1 0.448958 0.626389 0.087500 0.076852
3 0.642188 0.430093 0.105208 0.082407
0 0.698698 0.484722 0.050521 0.119444
0 0.766667 0.453241 0.055208 0.132407
0 0.715625 0.744907 0.034375 0.199074
0 0.752865 0.731019 0.050521 0.154630
0 0.680469 0.713426 0.050521 0.143519
