2 0.024740 0.552778 0.043229 0.238889
2 0.017708 0.738426 0.035417 0.150926
2 0.063542 0.700926 0.040625 0.207407
2 0.109375 0.699074 0.063542 0.183333
2 0.166667 0.706944 0.059375 0.176852
2 0.024219 0.132870 0.040104 0.186111
2 0.121875 0.151852 0.056250 0.112963
6 0.316927 0.575000 0.045312 0.222222
6 0.342708 0.206944 0.088542 0.152778
1 0.471875 0.307407 0.066667 0.174074
1 0.502083 0.543981 0.105208 0.087963
1 0.438802 0.625463 0.075521 0.097222
1 0.524740 0.105093 0.067187 0.073148
3 0.650260 0.420833 0.121354 0.075000
0 0.764583 0.450000 0.048958 0.150000
6 0.843229 0.475000 0.055208 0.107407
