2 0.026823 0.560185 0.053646 0.216667
2 0.064062 0.700926 0.057292 0.179630
2 0.109375 0.704167 0.048958 0.197222
2 0.156250 0.733796 0.050000 0.160185
2 0.027604 0.125463 0.037500 0.143519
6 0.254688 0.111111 0.063542 0.133333
3 0.647396 0.441204 0.122917 0.139815
6 0.835677 0.463426 0.044271 0.095370
0 0.685677 0.714815 0.044271 0.175926
0 0.766667 0.472222 0.051042 0.148148
0 0.724740 0.717593 0.035937 0.159259
1 0.448958 0.628704 0.061458 0.103704
1 0.501042 0.551389 0.101042 0.091667
1 0.459115 0.488426 0.055729 0.152778
1 0.466406 0.317130 0.051562 0.175000
1 0.452604 0.206944 0.082292 0.119444
1 0.516146 0.094907 0.080208 0.071296
6 0.351302 0.084259 0.061979 0.168519
