2 0.022656 0.560185 0.039062 0.224074
2 0.059375 0.696296 0.060417 0.201852
2 0.117448 0.706019 0.047396 0.178704
2 0.160677 0.731944 0.041146 0.134259
2 0.023177 0.142593 0.046354 0.166667
2 0.085677 0.141667 0.028646 0.111111
2 0.126042 0.056481 0.068750 0.112963
6 0.349740 0.157870 0.050521 0.189815
6 0.261198 0.122222 0.070312 0.111111
6 0.355990 0.438426 0.106771 0.202778
1 0.472917 0.307407 0.062500 0.174074
1 0.496354 0.545833 0.087500 0.091667
1 0.448177 0.623611 0.073438 0.100926
1 0.517708 0.093056 0.061458 0.078704
3 0.642969 0.431019 0.141146 0.091667
0 0.765104 0.475926 0.058333 0.155556
0 0.679948 0.717593 0.063021 0.177778
0 0.755990 0.745370 0.048438 0.168519
0 0.833594 0.457870 0.042188 0.065741
