2 0.030208 0.568056 0.052083 0.239815
2 0.029948 0.134259 0.047396 0.168519
2 0.086719 0.115741 0.046354 0.185185
2 0.133073 0.162963 0.038021 0.092593
2 0.166927 0.737500 0.051562 0.169444
2 0.116406 0.707870 0.055729 0.208333
2 0.061719 0.715741 0.048438 0.220370
6 0.260937 0.112963 0.058333 0.103704
6 0.365885 0.410185 0.096354 0.153704
6 0.354948 0.138889 0.050521 0.185185
6 0.752604 0.093519 0.067708 0.118519
1 0.447917 0.625926 0.063542 0.109259
1 0.495052 0.552315 0.084896 0.089815
1 0.459115 0.201852 0.079687 0.098148
1 0.532813 0.108333 0.069792 0.094444
3 0.650260 0.427315 0.108854 0.099074
0 0.768750 0.462500 0.055208 0.143519
0 0.681771 0.713426 0.059375 0.147222
0 0.713542 0.742593 0.030208 0.177778
0 0.754948 0.728704 0.044271 0.155556
