2 0.026302 0.547222 0.046354 0.231481
2 0.064323 0.703704 0.048438 0.212963
2 0.114323 0.704167 0.047396 0.186111
2 0.161198 0.712500 0.056771 0.195370
2 0.034635 0.133796 0.047396 0.184259
2 0.078125 0.112037 0.039583 0.185185
2 0.131771 0.054630 0.063542 0.098148
3 0.649740 0.417593 0.109896 0.114815
0 0.684896 0.693981 0.071875 0.193519
6 0.331250 0.250000 0.067708 0.209259
6 0.307552 0.637963 0.068229 0.183333
6 0.832552 0.475000 0.046354 0.100000
1 0.445312 0.618056 0.062500 0.097222
1 0.492448 0.540278 0.088021 0.102778
1 0.465365 0.299537 0.041146 0.143519
1 0.515104 0.106019 0.072917 0.082407
