3 0.631250 0.402778 0.122917 0.166667
0 0.657813 0.584259 0.095833 0.129630
0 0.682813 0.699074 0.065625 0.168519
0 0.766146 0.454167 0.047917 0.152778
1 0.442969 0.628241 0.073438 0.119444
1 0.498958 0.551852 0.084375 0.100000
1 0.466927 0.300926 0.050521 0.150000
1 0.522656 0.103704 0.071354 0.064815
6 0.333854 0.220370 0.094792 0.168519
6 0.832031 0.475926 0.049479 0.112963
2 0.026823 0.581481 0.045312 0.216667
2 0.063542 0.694444 0.054167 0.198148
2 0.121094 0.696759 0.046354 0.189815
2 0.162760 0.703241 0.041146 0.184259
2 0.030729 0.141667 0.061458 0.172222
2 0.133073 0.053704 0.066146 0.107407
