2 0.024740 0.551852 0.049479 0.207407
2 0.067969 0.722222 0.051562 0.190741
2 0.013542 0.726852 0.027083 0.170370
2 0.108333 0.709722 0.053125 0.189815
2 0.158594 0.747222 0.049479 0.150000
2 0.028646 0.141667 0.031250 0.146296
2 0.074740 0.138426 0.040104 0.139815
2 0.135937 0.166667 0.058333 0.118519
0 0.677865 0.710648 0.034896 0.156481
0 0.723177 0.730093 0.023438 0.152778
0 0.750521 0.756944 0.029167 0.202778
3 0.641667 0.437500 0.117708 0.128704
0 0.770312 0.468519 0.062500 0.155556
6 0.831250 0.466204 0.053125 0.089815
1 0.446875 0.626852 0.063542 0.107407
1 0.503125 0.561111 0.092708 0.096296
1 0.464844 0.317130 0.048438 0.158333
1 0.453125 0.221296 0.067708 0.135185
6 0.265104 0.114815 0.070833 0.100000
6 0.347135 0.116204 0.051562 0.200926
