2 0.024740 0.550000 0.049479 0.211111
2 0.033073 0.137963 0.050521 0.153704
2 0.072135 0.159722 0.023438 0.086111
2 0.013542 0.733796 0.027083 0.156481
2 0.068490 0.732407 0.048438 0.166667
2 0.118490 0.715278 0.043229 0.189815
2 0.155208 0.730093 0.040625 0.152778
6 0.259896 0.117593 0.064583 0.112963
6 0.345313 0.190278 0.065625 0.186111
6 0.343750 0.481019 0.080208 0.156481
0 0.768229 0.463426 0.058333 0.134259
3 0.641406 0.428241 0.109896 0.097222
0 0.689063 0.706019 0.073958 0.158333
0 0.749479 0.737963 0.033333 0.168519
1 0.444531 0.630093 0.068229 0.137963
1 0.501042 0.557407 0.088542 0.100000
1 0.468750 0.305556 0.052083 0.140741
1 0.521615 0.100463 0.088021 0.086111
