0 0.714844 0.742130 0.044271 0.197222
3 0.655208 0.425926 0.114583 0.116667
0 0.696094 0.484722 0.045312 0.134259
0 0.658854 0.542130 0.093750 0.062037
0 0.768750 0.448148 0.065625 0.146296
2 0.027344 0.560185 0.044271 0.231481
2 0.011979 0.730556 0.023958 0.162963
2 0.067969 0.713426 0.049479 0.197222
2 0.113021 0.703704 0.060417 0.170370
2 0.157031 0.704167 0.048438 0.182407
2 0.029167 0.144444 0.058333 0.151852
2 0.071615 0.107407 0.048438 0.172222
2 0.126562 0.056481 0.057292 0.112963
1 0.474219 0.303704 0.069271 0.185185
1 0.443490 0.626389 0.078646 0.123148
1 0.496615 0.550000 0.103646 0.100000
1 0.525260 0.098611 0.070312 0.078704
6 0.264062 0.123148 0.060417 0.112963
