0 0.681771 0.485648 0.097917 0.125000
3 0.794271 0.398611 0.098958 0.210185
4 0.766667 0.290278 0.063542 0.089815
4 0.731250 0.064352 0.069792 0.071296
6 0.706771 0.215278 0.092708 0.089815
6 0.630990 0.770833 0.104688 0.136111
1 0.425260 0.368981 0.108854 0.082407
1 0.517448 0.215741 0.105729 0.109259
2 0.202083 0.444444 0.119792 0.118519
2 0.119271 0.702778 0.063542 0.214815
2 0.056510 0.698611 0.058854 0.186111
2 0.016146 0.155556 0.032292 0.225926
2 0.054427 0.067130 0.042188 0.134259
2 0.107812 0.083333 0.042708 0.116667
2 0.142187 0.079630 0.056250 0.151852
