6 0.723177 0.112963 0.079687 0.111111
6 0.683333 0.216204 0.062500 0.130556
6 0.653385 0.769907 0.052604 0.191667
6 0.586719 0.927315 0.078646 0.126852
4 0.738542 0.066204 0.057292 0.082407
4 0.767188 0.274074 0.066667 0.092593
0 0.683073 0.475000 0.116146 0.122222
3 0.807812 0.467593 0.123958 0.092593
1 0.456510 0.936574 0.084896 0.084259
1 0.430469 0.718519 0.050521 0.107407
1 0.445052 0.450000 0.043229 0.161111
1 0.507552 0.372685 0.085938 0.100926
1 0.480990 0.183796 0.052604 0.130556
1 0.201563 0.455556 0.096875 0.114815
6 0.222656 0.152315 0.108854 0.060185
6 0.075260 0.900463 0.049479 0.180556
2 0.116406 0.693519 0.077604 0.200000
2 0.059896 0.642593 0.055208 0.209259
2 0.022135 0.476389 0.044271 0.189815
2 0.017708 0.671296 0.035417 0.224074
2 0.141927 0.079630 0.044271 0.151852
2 0.012500 0.171759 0.025000 0.197222
2 0.065885 0.091204 0.075521 0.136111
