4 0.736979 0.064352 0.054167 0.082407
4 0.759115 0.288426 0.056771 0.086111
4 0.705729 0.093056 0.054167 0.139815
1 0.522135 0.197222 0.074479 0.100000
1 0.427344 0.365741 0.104688 0.072222
1 0.500000 0.698611 0.107292 0.136111
0 0.682031 0.484722 0.105729 0.152778
2 0.200260 0.455093 0.107812 0.136111
2 0.123177 0.694444 0.074479 0.209259
2 0.093229 0.775000 0.053125 0.148148
2 0.054167 0.662037 0.061458 0.166667
2 0.148177 0.080556 0.046354 0.150000
2 0.015625 0.154630 0.027083 0.224074
2 0.064062 0.092130 0.065625 0.176852
2 0.097656 0.076852 0.042188 0.122222
6 0.520573 0.567130 0.111979 0.099074
