6 0.335677 0.656944 0.072396 0.099074
6 0.703646 0.208796 0.084375 0.073148
6 0.710156 0.082407 0.043229 0.146296
4 0.748958 0.067130 0.060417 0.087963
4 0.768229 0.267130 0.072917 0.086111
2 0.200000 0.448148 0.093750 0.122222
2 0.152083 0.081019 0.058333 0.139815
2 0.048438 0.071759 0.050000 0.121296
2 0.047917 0.503704 0.095833 0.183333
2 0.115625 0.696759 0.063542 0.193519
2 0.015104 0.672222 0.030208 0.164815
2 0.062240 0.670370 0.047396 0.175926
1 0.523177 0.210648 0.074479 0.099074
1 0.428906 0.364815 0.114062 0.098148
6 0.632552 0.761111 0.103646 0.109259
0 0.681510 0.475000 0.100521 0.107407
3 0.787760 0.413889 0.081771 0.164815
6 0.584896 0.927315 0.064583 0.099074
