6 0.696615 0.224537 0.072396 0.134259
6 0.653385 0.768519 0.046354 0.175926
6 0.588802 0.928241 0.068229 0.121296
3 0.806771 0.476389 0.126042 0.086111
0 0.686979 0.486574 0.113542 0.134259
4 0.760677 0.283333 0.073438 0.107407
4 0.735417 0.056481 0.061458 0.070370
6 0.727344 0.112037 0.081771 0.098148
1 0.453125 0.942593 0.083333 0.092593
1 0.433073 0.725926 0.055729 0.122222
1 0.449219 0.452778 0.053646 0.162963
1 0.504948 0.373611 0.086979 0.084259
1 0.480990 0.186574 0.050521 0.125000
2 0.200000 0.457407 0.100000 0.111111
2 0.145052 0.074537 0.044271 0.149074
2 0.054427 0.086574 0.054688 0.145370
2 0.098177 0.094444 0.045312 0.162963
2 0.013542 0.650463 0.027083 0.182407
2 0.021615 0.468056 0.043229 0.147222
2 0.056510 0.637963 0.038021 0.218519
2 0.111458 0.707870 0.073958 0.193519
6 0.076563 0.897222 0.056250 0.170370
