2 0.207552 0.451389 0.102604 0.139815
2 0.124479 0.697222 0.065625 0.237037
2 0.064062 0.671759 0.035417 0.143519
2 0.064062 0.078241 0.063542 0.145370
2 0.110417 0.093981 0.039583 0.137963
2 0.146094 0.106481 0.046354 0.212963
1 0.497917 0.703241 0.082292 0.134259
1 0.425521 0.371759 0.096875 0.076852
1 0.524219 0.212037 0.078646 0.105556
0 0.683854 0.485648 0.102083 0.150926
3 0.811979 0.470370 0.126042 0.090741
6 0.644531 0.777778 0.077604 0.157407
6 0.587240 0.928704 0.071354 0.111111
6 0.806771 0.369444 0.061458 0.161111
6 0.702604 0.093981 0.052083 0.130556
4 0.737500 0.062500 0.061458 0.075000
4 0.767708 0.282407 0.073958 0.124074
