1 0.445052 0.634259 0.073438 0.096296
1 0.490885 0.534722 0.100521 0.076852
1 0.462760 0.296296 0.048438 0.166667
1 0.526302 0.107870 0.084896 0.078704
2 0.029167 0.562500 0.054167 0.250926
2 0.065104 0.716204 0.055208 0.187963
2 0.019531 0.750926 0.039062 0.146296
2 0.119010 0.706944 0.050521 0.184259
2 0.159115 0.714352 0.046354 0.184259
2 0.029167 0.134259 0.040625 0.179630
2 0.117448 0.054630 0.073438 0.109259
3 0.647396 0.411111 0.122917 0.116667
0 0.686458 0.698148 0.068750 0.174074
6 0.329167 0.268056 0.053125 0.206481
6 0.303385 0.652315 0.058854 0.186111
