6 0.585156 0.936111 0.067187 0.112963
1 0.426302 0.369444 0.108854 0.107407
1 0.515625 0.208796 0.111458 0.112037
4 0.737500 0.060648 0.063542 0.078704
4 0.765104 0.278704 0.082292 0.090741
6 0.703646 0.213426 0.098958 0.075000
6 0.713542 0.096759 0.058333 0.139815
3 0.782552 0.390278 0.109896 0.197222
0 0.686198 0.489352 0.107812 0.128704
2 0.210156 0.450926 0.103646 0.120370
2 0.113542 0.699074 0.057292 0.211111
2 0.101302 0.779630 0.034896 0.096296
2 0.061458 0.684259 0.050000 0.164815
2 0.039844 0.496296 0.079687 0.187037
2 0.149219 0.084259 0.060937 0.168519
2 0.015625 0.164815 0.031250 0.225926
6 0.078125 0.913889 0.059375 0.129630
