2 0.200521 0.453241 0.101042 0.125000
2 0.120313 0.708796 0.063542 0.184259
2 0.059375 0.649537 0.054167 0.199074
2 0.016667 0.492593 0.033333 0.179630
2 0.054948 0.087963 0.051562 0.150000
2 0.103646 0.079167 0.034375 0.132407
2 0.137760 0.070833 0.047396 0.141667
0 0.688542 0.482870 0.114583 0.130556
3 0.814063 0.464815 0.115625 0.124074
4 0.763542 0.287500 0.083333 0.084259
4 0.734896 0.055556 0.064583 0.079630
6 0.698698 0.208796 0.076563 0.110185
1 0.478906 0.180093 0.050521 0.134259
1 0.513542 0.377315 0.091667 0.095370
1 0.455469 0.445370 0.048438 0.181481
1 0.428646 0.724537 0.060417 0.141667
1 0.458073 0.938889 0.071354 0.096296
6 0.655208 0.774074 0.044792 0.172222
6 0.589063 0.934722 0.067708 0.119444
6 0.071615 0.892593 0.042188 0.172222
6 0.726823 0.117130 0.089063 0.080556
