2 0.048958 0.500000 0.097917 0.207407
2 0.206250 0.444444 0.102083 0.122222
2 0.121354 0.699537 0.057292 0.199074
2 0.036719 0.734722 0.047396 0.125000
2 0.058073 0.695370 0.043229 0.200000
2 0.016146 0.713889 0.032292 0.212963
2 0.151302 0.086111 0.048438 0.168519
2 0.014583 0.161111 0.029167 0.225926
1 0.426823 0.369907 0.105729 0.073148
1 0.525781 0.221296 0.073438 0.101852
6 0.627083 0.755556 0.096875 0.094444
0 0.682292 0.489352 0.098958 0.154630
3 0.789844 0.402315 0.073438 0.195370
4 0.766146 0.294444 0.066667 0.109259
6 0.709375 0.217130 0.095833 0.089815
6 0.706510 0.074537 0.050521 0.137963
4 0.739323 0.066204 0.047396 0.071296
4 0.588802 0.937963 0.068229 0.124074
6 0.282552 0.637963 0.075521 0.079630
