1 0.478385 0.185185 0.047396 0.116667
1 0.513021 0.384259 0.094792 0.105556
1 0.448698 0.457870 0.052604 0.160185
1 0.428385 0.723148 0.046354 0.109259
0 0.677865 0.489815 0.083854 0.170370
3 0.797917 0.461574 0.106250 0.095370
6 0.648698 0.740278 0.049479 0.175000
6 0.585677 0.931019 0.066146 0.115741
4 0.733073 0.068981 0.080729 0.073148
4 0.761719 0.279630 0.085938 0.107407
6 0.509115 0.582407 0.082812 0.111111
6 0.205729 0.457870 0.098958 0.106481
2 0.112760 0.696296 0.076563 0.209259
2 0.025260 0.486574 0.048438 0.226852
2 0.015104 0.678241 0.030208 0.160185
2 0.049740 0.661574 0.049479 0.243519
2 0.146615 0.075463 0.049479 0.150926
2 0.012500 0.155093 0.025000 0.202778
1 0.430208 0.934722 0.032292 0.123148
