1 0.479948 0.191667 0.040104 0.129630
1 0.514583 0.385185 0.091667 0.096296
1 0.449219 0.458796 0.053646 0.178704
1 0.428385 0.721296 0.052604 0.101852
1 0.435417 0.933796 0.040625 0.132407
2 0.202604 0.450926 0.103125 0.105556
2 0.117448 0.693519 0.071354 0.190741
2 0.056510 0.658796 0.038021 0.237963
2 0.011719 0.655093 0.023438 0.206481
2 0.019271 0.479630 0.038542 0.159259
3 0.808333 0.462963 0.129167 0.101852
0 0.677865 0.486111 0.085938 0.166667
4 0.762500 0.289352 0.087500 0.106481
4 0.737240 0.061574 0.051562 0.087963
6 0.503385 0.579167 0.081771 0.089815
6 0.582552 0.929167 0.070312 0.126852
2 0.011719 0.162963 0.023438 0.207407
2 0.044271 0.107407 0.058333 0.183333
2 0.108073 0.088426 0.044271 0.134259
2 0.150260 0.073611 0.054688 0.147222
