1 0.482292 0.185185 0.051042 0.120370
1 0.509115 0.381481 0.082812 0.111111
1 0.444531 0.461574 0.054688 0.152778
1 0.434896 0.723148 0.057292 0.105556
1 0.435677 0.944444 0.044271 0.107407
2 0.205729 0.457870 0.101042 0.126852
2 0.123437 0.702315 0.069792 0.193519
2 0.152344 0.086111 0.048438 0.172222
2 0.057031 0.097685 0.053646 0.152778
2 0.015104 0.132870 0.030208 0.139815
2 0.039844 0.505556 0.079687 0.214815
2 0.014063 0.672222 0.028125 0.150000
2 0.056510 0.693056 0.052604 0.195370
6 0.646615 0.739352 0.041146 0.173148
6 0.586198 0.931944 0.069271 0.104630
6 0.058594 0.868981 0.054688 0.147222
0 0.678125 0.489352 0.095833 0.178704
3 0.816927 0.465741 0.133854 0.103704
4 0.725260 0.060648 0.075521 0.086111
4 0.762500 0.277778 0.085417 0.111111
