4 0.731250 0.062500 0.087500 0.089815
4 0.758594 0.272685 0.075521 0.089815
3 0.806250 0.466667 0.122917 0.101852
0 0.676823 0.491204 0.081771 0.154630
6 0.649740 0.740278 0.055729 0.158333
6 0.585156 0.930556 0.073438 0.111111
1 0.435156 0.938889 0.047396 0.111111
1 0.427865 0.723148 0.051562 0.124074
1 0.446615 0.465741 0.040104 0.168519
1 0.512500 0.385648 0.087500 0.078704
1 0.480729 0.188889 0.034375 0.124074
2 0.201042 0.448148 0.093750 0.129630
2 0.114844 0.695370 0.070312 0.203704
2 0.062760 0.651389 0.047396 0.241667
2 0.020573 0.474074 0.041146 0.201852
2 0.020052 0.663889 0.040104 0.216667
2 0.146094 0.080556 0.042188 0.161111
2 0.014583 0.157870 0.029167 0.200926
