2 0.199740 0.453241 0.104688 0.143519
2 0.120313 0.696759 0.061458 0.193519
2 0.058594 0.656019 0.040104 0.232407
2 0.015104 0.653241 0.030208 0.226852
2 0.019271 0.454630 0.038542 0.174074
2 0.147135 0.068056 0.042188 0.136111
2 0.011979 0.169444 0.023958 0.205556
3 0.803906 0.465278 0.114062 0.080556
0 0.684375 0.488426 0.084375 0.149074
4 0.763802 0.280556 0.079687 0.101852
4 0.737500 0.060648 0.063542 0.086111
1 0.477865 0.181944 0.056771 0.134259
1 0.516146 0.377315 0.088542 0.084259
1 0.451042 0.458796 0.063542 0.175000
1 0.425260 0.714815 0.052604 0.103704
6 0.651563 0.728704 0.065625 0.166667
6 0.586719 0.928704 0.084896 0.111111
