4 0.756510 0.268519 0.081771 0.103704
4 0.726042 0.058796 0.092708 0.082407
0 0.679427 0.473148 0.086979 0.133333
3 0.794271 0.456019 0.116667 0.080556
1 0.474740 0.298611 0.046354 0.152778
1 0.444531 0.462963 0.056771 0.162963
1 0.429948 0.732407 0.049479 0.109259
6 0.655469 0.747222 0.048438 0.183333
6 0.585677 0.935648 0.066146 0.125000
1 0.430990 0.952315 0.041146 0.095370
6 0.539844 0.567593 0.120313 0.109259
2 0.203125 0.447222 0.102083 0.127778
2 0.152344 0.073611 0.048438 0.147222
2 0.107812 0.098611 0.034375 0.189815
2 0.058333 0.093056 0.064583 0.182407
2 0.014063 0.173148 0.028125 0.216667
2 0.046354 0.504630 0.088542 0.209259
2 0.014583 0.668519 0.029167 0.187037
2 0.049740 0.675926 0.047396 0.175926
2 0.119531 0.697222 0.077604 0.214815
6 0.057552 0.852778 0.052604 0.175926
