4 0.733854 0.057870 0.054167 0.080556
4 0.768490 0.279630 0.079687 0.079630
6 0.746875 0.130556 0.084375 0.114815
6 0.679948 0.193519 0.043229 0.172222
3 0.806510 0.467130 0.119271 0.080556
0 0.687500 0.483796 0.116667 0.128704
6 0.648698 0.767593 0.055729 0.174074
6 0.588281 0.934722 0.069271 0.119444
1 0.445052 0.939815 0.071354 0.101852
1 0.426302 0.718519 0.052604 0.100000
1 0.450781 0.452778 0.048438 0.155556
1 0.513542 0.372685 0.093750 0.093519
1 0.481250 0.183796 0.055208 0.130556
6 0.076563 0.889815 0.052083 0.181481
2 0.200781 0.451852 0.104688 0.111111
2 0.145313 0.071759 0.058333 0.143519
2 0.019531 0.164352 0.039062 0.199074
2 0.120313 0.710185 0.065625 0.220370
2 0.056510 0.642593 0.052604 0.224074
2 0.013542 0.656944 0.027083 0.230556
2 0.018750 0.472222 0.037500 0.162963
