0 0.684115 0.487500 0.116146 0.121296
4 0.766927 0.276852 0.078646 0.094444
4 0.730729 0.061574 0.058333 0.073148
6 0.741406 0.134259 0.077604 0.092593
6 0.678906 0.186111 0.043229 0.157407
6 0.645052 0.763426 0.048438 0.186111
6 0.588281 0.934722 0.071354 0.123148
1 0.451562 0.943519 0.068750 0.105556
1 0.428906 0.717130 0.053646 0.089815
1 0.446094 0.462963 0.039062 0.159259
1 0.510677 0.378241 0.079687 0.082407
1 0.481510 0.181944 0.047396 0.123148
3 0.807812 0.472222 0.123958 0.105556
2 0.201042 0.453704 0.100000 0.107407
2 0.151562 0.080556 0.067708 0.146296
2 0.018750 0.481019 0.037500 0.184259
2 0.014583 0.664815 0.029167 0.200000
2 0.059635 0.650000 0.050521 0.227778
2 0.116406 0.705093 0.075521 0.202778
6 0.074740 0.895370 0.048438 0.166667
