0 0.687500 0.480093 0.105208 0.128704
3 0.812500 0.470370 0.127083 0.101852
4 0.766406 0.268981 0.077604 0.078704
4 0.730729 0.059722 0.056250 0.091667
6 0.716146 0.119907 0.061458 0.128704
4 0.673177 0.210648 0.048438 0.152778
6 0.649740 0.765278 0.049479 0.189815
6 0.584635 0.927315 0.072396 0.123148
1 0.451042 0.941667 0.083333 0.094444
1 0.428906 0.712037 0.053646 0.112963
1 0.450260 0.457407 0.051562 0.168519
1 0.515104 0.374537 0.094792 0.093519
1 0.477344 0.183796 0.051562 0.119444
2 0.202604 0.452778 0.101042 0.109259
2 0.152865 0.073611 0.051562 0.147222
2 0.013542 0.167593 0.027083 0.231481
2 0.017188 0.477315 0.034375 0.149074
2 0.013021 0.653241 0.026042 0.221296
2 0.050260 0.648148 0.044271 0.227778
2 0.116406 0.709722 0.073438 0.204630
6 0.071615 0.897222 0.040104 0.170370
6 0.511458 0.583333 0.095833 0.094444
