0 0.675000 0.482870 0.097917 0.156481
3 0.796354 0.459722 0.101042 0.106481
6 0.733854 0.061574 0.060417 0.084259
6 0.770312 0.291204 0.066667 0.106481
6 0.661979 0.712500 0.059375 0.176852
6 0.583073 0.937037 0.071354 0.122222
4 0.678385 0.206944 0.066146 0.134259
1 0.478385 0.178241 0.041146 0.123148
1 0.518750 0.383333 0.093750 0.103704
1 0.446615 0.464815 0.048438 0.174074
1 0.427865 0.717130 0.053646 0.089815
2 0.199479 0.459722 0.096875 0.115741
2 0.119531 0.699074 0.069271 0.211111
2 0.014583 0.655093 0.027083 0.184259
2 0.018229 0.483796 0.036458 0.162037
2 0.058073 0.648611 0.041146 0.239815
6 0.123437 0.282870 0.102083 0.082407
1 0.433073 0.936111 0.049479 0.120370
