4 0.741927 0.068981 0.035937 0.123148
4 0.754948 0.274537 0.070312 0.089815
6 0.696094 0.100463 0.079687 0.075000
6 0.784375 0.196296 0.090625 0.074074
6 0.672396 0.242593 0.054167 0.112963
3 0.797396 0.462963 0.122917 0.101852
0 0.673958 0.468056 0.065625 0.186111
1 0.472135 0.125463 0.053646 0.100926
1 0.446094 0.455093 0.057812 0.154630
1 0.467708 0.618981 0.044792 0.099074
1 0.442708 0.731944 0.060417 0.145370
6 0.533333 0.534722 0.060417 0.187963
6 0.691667 0.731944 0.088542 0.123148
6 0.632552 0.758796 0.073438 0.137963
2 0.201563 0.450000 0.105208 0.114815
2 0.119010 0.714352 0.058854 0.195370
2 0.055990 0.656944 0.057812 0.213889
2 0.022135 0.466667 0.042188 0.162963
2 0.016667 0.651389 0.033333 0.252778
2 0.155729 0.072685 0.048958 0.134259
2 0.104688 0.090741 0.030208 0.170370
2 0.014063 0.166667 0.028125 0.190741
2 0.066146 0.101389 0.069792 0.145370
