3 0.801302 0.462963 0.147396 0.101852
4 0.726302 0.064352 0.079687 0.078704
4 0.759375 0.268056 0.091667 0.099074
6 0.671354 0.235648 0.064583 0.119444
0 0.680469 0.484722 0.076563 0.213889
6 0.650260 0.749074 0.044271 0.168519
1 0.476302 0.337037 0.043229 0.129630
1 0.444010 0.453704 0.043229 0.168519
1 0.444531 0.797685 0.066146 0.132407
1 0.432031 0.943519 0.053646 0.112963
2 0.202083 0.444444 0.097917 0.137037
2 0.112240 0.697222 0.077604 0.207407
2 0.015104 0.667593 0.030208 0.170370
2 0.024740 0.472222 0.045312 0.198148
2 0.063542 0.542130 0.038542 0.137963
2 0.046354 0.686574 0.040625 0.189815
6 0.586979 0.926389 0.063542 0.132407
6 0.053906 0.858333 0.059896 0.125926
2 0.149219 0.076852 0.035937 0.153704
2 0.098698 0.089815 0.042188 0.157407
2 0.053906 0.086111 0.051562 0.157407
2 0.017188 0.157870 0.034375 0.212037
