1 0.447135 0.454630 0.043229 0.159259
1 0.479427 0.326852 0.073438 0.112963
1 0.440104 0.814352 0.055208 0.137963
6 0.659896 0.758796 0.057292 0.176852
6 0.593750 0.925000 0.068750 0.122222
0 0.678906 0.497222 0.071354 0.212963
3 0.803906 0.464815 0.127604 0.101852
4 0.727344 0.067130 0.088021 0.065741
4 0.758073 0.272685 0.074479 0.093519
6 0.707031 0.115741 0.116146 0.074074
6 0.670833 0.240741 0.067708 0.116667
2 0.202604 0.442593 0.101042 0.114815
2 0.042969 0.493519 0.085938 0.220370
2 0.015625 0.668519 0.031250 0.179630
2 0.117448 0.695370 0.063021 0.187037
2 0.052344 0.672685 0.068229 0.184259
2 0.150260 0.070833 0.040104 0.141667
2 0.105729 0.087963 0.026042 0.157407
2 0.014583 0.159259 0.029167 0.218519
6 0.057552 0.859259 0.054688 0.124074
1 0.438542 0.937037 0.066667 0.118519
