4 0.730208 0.073611 0.069792 0.086111
4 0.755990 0.272685 0.068229 0.089815
6 0.670312 0.241204 0.050000 0.099074
3 0.802344 0.466667 0.141146 0.094444
0 0.675000 0.485648 0.085417 0.204630
6 0.658333 0.753704 0.052083 0.170370
6 0.586719 0.927778 0.054688 0.105556
1 0.473958 0.331481 0.058333 0.114815
1 0.451042 0.454630 0.055208 0.166667
1 0.475781 0.766204 0.064062 0.091667
2 0.205208 0.457870 0.104167 0.123148
2 0.121875 0.704167 0.058333 0.212037
2 0.042448 0.488426 0.084896 0.173148
2 0.013542 0.660648 0.027083 0.199074
2 0.041406 0.677778 0.042188 0.168519
2 0.017708 0.162037 0.033333 0.216667
2 0.057812 0.102778 0.057292 0.166667
2 0.107292 0.088426 0.035417 0.145370
2 0.157292 0.076852 0.056250 0.153704
6 0.060417 0.856944 0.064583 0.139815
1 0.438542 0.945370 0.040625 0.109259
