3 0.809375 0.473148 0.131250 0.103704
6 0.669792 0.239815 0.063542 0.111111
6 0.708333 0.128241 0.095833 0.076852
6 0.652604 0.761574 0.039583 0.186111
6 0.588281 0.927778 0.067187 0.109259
1 0.472396 0.302315 0.037500 0.137963
1 0.450260 0.468056 0.047396 0.189815
1 0.433073 0.722222 0.045312 0.114815
4 0.742448 0.059259 0.069271 0.092593
4 0.757031 0.275926 0.086979 0.088889
2 0.200781 0.445370 0.108854 0.127778
2 0.112760 0.689815 0.046354 0.150000
2 0.046354 0.490741 0.092708 0.168519
2 0.014063 0.665741 0.028125 0.192593
2 0.050260 0.681019 0.052604 0.165741
6 0.057031 0.858333 0.049479 0.129630
2 0.151302 0.073611 0.048438 0.147222
2 0.104167 0.090741 0.029167 0.166667
2 0.014583 0.133333 0.027083 0.170370
