3 0.805990 0.463889 0.146354 0.118519
6 0.655729 0.749074 0.039583 0.175926
6 0.584115 0.932870 0.055729 0.134259
6 0.058073 0.858333 0.053646 0.172222
4 0.732292 0.062500 0.091667 0.097222
4 0.757031 0.272685 0.078646 0.089815
1 0.471094 0.298611 0.049479 0.149074
1 0.449740 0.450926 0.046354 0.166667
1 0.434896 0.729630 0.053125 0.111111
2 0.204167 0.451389 0.102083 0.125000
2 0.115104 0.681944 0.062500 0.145370
2 0.058333 0.667593 0.056250 0.170370
2 0.013542 0.673611 0.027083 0.208333
2 0.042969 0.484722 0.077604 0.199074
2 0.014063 0.159722 0.028125 0.208333
2 0.101823 0.080556 0.044271 0.146296
2 0.150781 0.072685 0.057812 0.145370
