4 0.726823 0.062500 0.082812 0.071296
4 0.760156 0.270833 0.072396 0.093519
6 0.703906 0.117593 0.107812 0.070370
6 0.676042 0.246296 0.065625 0.124074
6 0.653385 0.749074 0.042188 0.190741
6 0.590625 0.934259 0.060417 0.116667
1 0.432552 0.947222 0.050521 0.105556
1 0.434635 0.800000 0.046354 0.124074
1 0.446094 0.463889 0.039062 0.225926
1 0.475521 0.314815 0.033333 0.120370
0 0.675260 0.490278 0.076563 0.230556
3 0.795052 0.457407 0.109896 0.111111
2 0.210677 0.454167 0.104688 0.123148
2 0.122396 0.699074 0.063542 0.179630
2 0.019531 0.660185 0.039062 0.174074
2 0.042448 0.486574 0.082812 0.195370
2 0.197656 0.044907 0.046354 0.089815
2 0.150260 0.072685 0.038021 0.141667
2 0.103385 0.088426 0.039062 0.141667
2 0.058854 0.091667 0.059375 0.161111
2 0.016667 0.160185 0.033333 0.220370
6 0.064062 0.858333 0.065625 0.118519
