3 0.805469 0.471296 0.132812 0.103704
0 0.674740 0.487037 0.073438 0.222222
4 0.736979 0.068056 0.068750 0.097222
4 0.756510 0.269907 0.075521 0.099074
6 0.655729 0.757870 0.045833 0.182407
6 0.670833 0.249074 0.055208 0.122222
6 0.589323 0.928704 0.055729 0.111111
1 0.475260 0.310185 0.045312 0.150000
1 0.444531 0.466204 0.040104 0.204630
1 0.429948 0.742130 0.041146 0.139815
2 0.203646 0.459722 0.101042 0.119444
2 0.113802 0.684259 0.052604 0.168519
2 0.061458 0.673611 0.056250 0.200926
2 0.048438 0.479630 0.096875 0.166667
2 0.018750 0.662963 0.037500 0.229630
2 0.144792 0.072685 0.037500 0.145370
2 0.101823 0.083333 0.038021 0.166667
2 0.014063 0.156944 0.026042 0.206481
