0 0.676302 0.485648 0.076563 0.212037
3 0.795312 0.464352 0.114583 0.082407
4 0.764323 0.271759 0.076563 0.080556
6 0.664583 0.234259 0.063542 0.109259
6 0.652083 0.750926 0.038542 0.175926
6 0.602344 0.587037 0.099479 0.094444
1 0.474219 0.332407 0.055729 0.124074
1 0.444010 0.455556 0.059896 0.168519
1 0.435417 0.950000 0.038542 0.100000
2 0.202083 0.441667 0.102083 0.127778
2 0.048958 0.522685 0.089583 0.191667
2 0.121875 0.704167 0.068750 0.204630
2 0.015625 0.683333 0.031250 0.162963
2 0.061458 0.681944 0.050000 0.169444
2 0.015625 0.164815 0.031250 0.179630
2 0.060937 0.100000 0.059375 0.172222
2 0.109896 0.080556 0.040625 0.133333
2 0.156250 0.080093 0.050000 0.145370
6 0.057812 0.862037 0.057292 0.146296
4 0.725781 0.066204 0.076563 0.086111
6 0.583594 0.931944 0.068229 0.132407
