3 0.789323 0.459722 0.108854 0.102778
0 0.675000 0.490278 0.067708 0.206481
6 0.651823 0.756944 0.039062 0.191667
6 0.585677 0.924537 0.054688 0.132407
4 0.734115 0.078241 0.078646 0.087963
4 0.760677 0.273148 0.075521 0.098148
1 0.453646 0.462500 0.052083 0.186111
1 0.472396 0.308796 0.037500 0.137963
1 0.427865 0.787500 0.036979 0.149074
1 0.439583 0.945370 0.042708 0.109259
6 0.671875 0.247222 0.046875 0.107407
6 0.697135 0.119907 0.097396 0.071296
2 0.206250 0.448148 0.095833 0.114815
2 0.116667 0.690741 0.061458 0.155556
2 0.014063 0.676852 0.028125 0.170370
2 0.038802 0.482870 0.077604 0.156481
2 0.061979 0.606019 0.067708 0.128704
2 0.063021 0.707870 0.051042 0.121296
2 0.147656 0.062500 0.036979 0.125000
2 0.105469 0.084259 0.041146 0.161111
2 0.049219 0.058333 0.050521 0.105556
2 0.019271 0.161111 0.038542 0.211111
6 0.061458 0.866667 0.054167 0.124074
