1 0.473698 0.122222 0.056771 0.114815
1 0.449740 0.462963 0.042188 0.170370
1 0.461198 0.616204 0.034896 0.093519
1 0.449219 0.731019 0.049479 0.132407
4 0.741406 0.071296 0.041146 0.114815
4 0.762760 0.268056 0.077604 0.095370
3 0.790885 0.461574 0.103646 0.095370
6 0.526823 0.543981 0.049479 0.195370
6 0.690885 0.736574 0.079687 0.117593
6 0.638021 0.785185 0.070833 0.107407
6 0.834635 0.212500 0.066146 0.137963
2 0.200521 0.449074 0.092708 0.116667
2 0.122917 0.698148 0.062500 0.216667
2 0.056510 0.650926 0.044271 0.222222
2 0.019531 0.662500 0.039062 0.191667
2 0.022656 0.441667 0.043229 0.185185
2 0.015104 0.168519 0.030208 0.172222
2 0.058594 0.101389 0.042188 0.141667
2 0.101823 0.084259 0.038021 0.164815
2 0.152604 0.076852 0.057292 0.153704
4 0.672396 0.238426 0.064583 0.125000
