4 0.736458 0.073148 0.053125 0.111111
4 0.762500 0.265278 0.065625 0.128704
3 0.770312 0.465278 0.068750 0.084259
0 0.662760 0.527778 0.127604 0.120370
6 0.685417 0.726389 0.082292 0.134259
6 0.536198 0.553241 0.046354 0.195370
1 0.486979 0.180093 0.052083 0.115741
1 0.445052 0.834259 0.055729 0.127778
6 0.823437 0.256019 0.060417 0.150926
6 0.626563 0.914352 0.104167 0.082407
2 0.199219 0.441667 0.077604 0.112963
2 0.123958 0.718981 0.054167 0.189815
2 0.075781 0.750926 0.046354 0.179630
2 0.039844 0.696759 0.041146 0.189815
2 0.012760 0.622685 0.021354 0.241667
2 0.011198 0.220833 0.020313 0.082407
2 0.017708 0.103704 0.027083 0.118519
2 0.037240 0.123148 0.056771 0.170370
2 0.105469 0.101389 0.049479 0.149074
2 0.146615 0.069907 0.053646 0.139815
4 0.679948 0.256019 0.051562 0.132407
0 0.734896 0.745833 0.038542 0.189815
