4 0.735156 0.077315 0.045312 0.143519
4 0.764583 0.251852 0.048958 0.155556
4 0.678906 0.223611 0.071354 0.136111
3 0.776563 0.425926 0.097917 0.170370
6 0.630208 0.587963 0.064583 0.153704
6 0.692969 0.729630 0.099479 0.100000
6 0.682031 0.862963 0.043229 0.162963
1 0.461198 0.637963 0.045312 0.157407
1 0.450260 0.425463 0.081771 0.126852
1 0.480469 0.290278 0.053646 0.147222
2 0.119531 0.703241 0.071354 0.210185
2 0.042188 0.711574 0.036458 0.204630
2 0.014063 0.630556 0.023958 0.268519
2 0.209115 0.419907 0.111979 0.076852
2 0.146615 0.069907 0.053646 0.139815
2 0.011198 0.155093 0.022396 0.217593
2 0.051823 0.113889 0.049479 0.177778
2 0.102344 0.095833 0.041146 0.152778
1 0.430990 0.902778 0.043229 0.111111
