1 0.491406 0.189352 0.051562 0.130556
1 0.491406 0.433333 0.053646 0.168519
1 0.444010 0.826852 0.055729 0.120370
4 0.736719 0.081481 0.048438 0.120370
4 0.757552 0.256944 0.053646 0.126852
6 0.819531 0.269444 0.076563 0.105556
3 0.808594 0.462500 0.134896 0.100926
6 0.680469 0.224074 0.060937 0.118519
6 0.683594 0.091204 0.074479 0.078704
6 0.683594 0.733796 0.076563 0.141667
6 0.678385 0.845833 0.044271 0.175000
0 0.738281 0.734722 0.039062 0.178704
0 0.654167 0.520833 0.114583 0.137963
6 0.386719 0.694444 0.103646 0.116667
2 0.209635 0.444444 0.102604 0.088889
2 0.114583 0.714815 0.059375 0.225926
2 0.069010 0.742130 0.036979 0.147222
2 0.037500 0.725463 0.030208 0.139815
2 0.018229 0.635185 0.032292 0.270370
