4 0.735938 0.080093 0.040625 0.134259
4 0.760417 0.262500 0.057292 0.130556
4 0.824740 0.250000 0.050521 0.135185
3 0.769792 0.455093 0.067708 0.082407
0 0.659896 0.521759 0.132292 0.139815
6 0.680729 0.727315 0.061458 0.132407
6 0.537760 0.555556 0.049479 0.190741
2 0.203646 0.442593 0.082292 0.088889
2 0.121354 0.718519 0.057292 0.222222
2 0.073698 0.739815 0.050521 0.164815
2 0.045312 0.696759 0.036458 0.193519
2 0.012500 0.638889 0.025000 0.266667
2 0.010156 0.163889 0.020313 0.216667
2 0.045312 0.120370 0.038542 0.175926
2 0.106250 0.103241 0.055208 0.145370
2 0.154688 0.067130 0.043750 0.134259
1 0.443229 0.831481 0.035417 0.114815
1 0.482812 0.180093 0.056250 0.134259
6 0.408333 0.551852 0.082292 0.114815
6 0.679948 0.142130 0.099479 0.080556
