3 0.805469 0.463426 0.134896 0.095370
0 0.661458 0.527778 0.127083 0.140741
0 0.740365 0.738426 0.041146 0.193519
6 0.685677 0.726389 0.076563 0.137963
4 0.757031 0.258796 0.060937 0.145370
4 0.737760 0.075000 0.052604 0.114815
1 0.487500 0.192593 0.057292 0.124074
1 0.489323 0.431944 0.049479 0.162037
1 0.442969 0.835185 0.041146 0.118519
2 0.208073 0.445370 0.101562 0.105556
2 0.116406 0.718519 0.043229 0.211111
2 0.074219 0.730093 0.049479 0.145370
2 0.030729 0.704167 0.045833 0.178704
2 0.011979 0.659722 0.023958 0.308333
2 0.013542 0.156944 0.027083 0.234259
2 0.048958 0.119907 0.051042 0.182407
2 0.099740 0.093981 0.050521 0.149074
2 0.144531 0.072685 0.053646 0.145370
6 0.386198 0.692593 0.102604 0.105556
6 0.675521 0.845370 0.038542 0.166667
