1 0.495573 0.192130 0.071354 0.136111
1 0.484896 0.418519 0.062500 0.181481
1 0.443490 0.611111 0.054688 0.118519
1 0.443750 0.822222 0.060417 0.114815
4 0.734375 0.075926 0.051042 0.105556
4 0.765625 0.258796 0.061458 0.134259
6 0.680469 0.088426 0.084896 0.076852
3 0.803385 0.462963 0.134896 0.101852
0 0.736979 0.727315 0.040625 0.186111
0 0.660417 0.520370 0.120833 0.124074
2 0.201042 0.434259 0.083333 0.116667
2 0.115365 0.722222 0.051562 0.222222
2 0.080469 0.735648 0.050521 0.141667
2 0.028385 0.729630 0.050521 0.161111
2 0.022656 0.586111 0.043229 0.175926
2 0.013542 0.165741 0.027083 0.224074
2 0.051823 0.113889 0.049479 0.174074
2 0.103385 0.093056 0.053646 0.139815
2 0.154688 0.071759 0.061458 0.139815
6 0.675521 0.853704 0.038542 0.177778
6 0.683073 0.734722 0.079687 0.132407
