3 0.777865 0.463426 0.071354 0.080556
0 0.737240 0.747222 0.045312 0.183333
0 0.658854 0.525463 0.117708 0.143519
6 0.825260 0.261111 0.051562 0.109259
4 0.763542 0.260648 0.067708 0.137963
4 0.736198 0.076852 0.047396 0.111111
6 0.684635 0.727315 0.076563 0.136111
6 0.662760 0.875463 0.059896 0.163889
1 0.490885 0.195370 0.056771 0.133333
1 0.486979 0.450926 0.052083 0.162963
1 0.449219 0.834259 0.045312 0.120370
2 0.207031 0.444907 0.101562 0.084259
2 0.121354 0.712037 0.059375 0.216667
2 0.079687 0.723148 0.050000 0.170370
2 0.038281 0.695833 0.048438 0.191667
2 0.018229 0.644907 0.036458 0.258333
2 0.010156 0.151389 0.020313 0.210185
2 0.055990 0.120833 0.039062 0.180556
2 0.100781 0.093056 0.048438 0.139815
2 0.146094 0.069907 0.050521 0.136111
