0 0.663802 0.525463 0.120313 0.136111
3 0.767708 0.467130 0.053125 0.091667
6 0.686458 0.728704 0.088542 0.109259
4 0.766146 0.255556 0.062500 0.155556
4 0.678906 0.240741 0.067187 0.109259
4 0.729167 0.065278 0.029167 0.130556
6 0.670052 0.860185 0.045312 0.164815
1 0.484375 0.181019 0.048958 0.121296
1 0.497135 0.343056 0.074479 0.141667
1 0.449219 0.618519 0.049479 0.114815
1 0.442448 0.833333 0.044271 0.122222
2 0.198177 0.441667 0.085938 0.094444
2 0.153906 0.071759 0.051562 0.143519
2 0.103385 0.095833 0.047396 0.134259
2 0.054427 0.118519 0.048438 0.175926
2 0.014063 0.164815 0.028125 0.237037
2 0.120833 0.708796 0.032292 0.206481
2 0.018750 0.597685 0.037500 0.176852
2 0.048958 0.730093 0.041667 0.145370
2 0.078125 0.736574 0.053125 0.143519
6 0.583073 0.591667 0.079687 0.114815
