1 0.478906 0.297685 0.050521 0.182407
1 0.450260 0.410648 0.073438 0.128704
1 0.465625 0.631019 0.058333 0.154630
1 0.432812 0.903241 0.059375 0.128704
6 0.629948 0.590741 0.056771 0.155556
6 0.702083 0.730556 0.102083 0.116667
6 0.683594 0.852778 0.048438 0.172222
6 0.706510 0.378241 0.052604 0.193519
6 0.611458 0.201389 0.055208 0.195370
3 0.790104 0.413889 0.092708 0.161111
4 0.764583 0.251852 0.048958 0.144444
4 0.673438 0.225926 0.060417 0.103704
4 0.664323 0.095833 0.072396 0.137963
4 0.730729 0.073611 0.058333 0.147222
2 0.201042 0.437963 0.085417 0.109259
2 0.147656 0.071759 0.053646 0.143519
2 0.011719 0.156481 0.023438 0.216667
2 0.044531 0.118519 0.044271 0.179630
2 0.094531 0.100926 0.048438 0.159259
2 0.013542 0.631481 0.027083 0.220370
2 0.048958 0.709722 0.053125 0.215741
2 0.127083 0.710648 0.064583 0.213889
5 0.158073 0.284259 0.076563 0.101852
