0 0.739844 0.450926 0.080729 0.151852
0 0.697135 0.455093 0.085938 0.193519
4 0.764062 0.228704 0.092708 0.120370
4 0.708594 0.104167 0.078646 0.086111
4 0.651823 0.080093 0.039062 0.137963
4 0.624479 0.145370 0.033333 0.161111
4 0.652083 0.220370 0.058333 0.133333
6 0.583594 0.198148 0.044271 0.155556
3 0.416927 0.086111 0.174479 0.061111
1 0.515104 0.304630 0.075000 0.172222
1 0.436979 0.360185 0.085417 0.100000
1 0.460677 0.496759 0.068229 0.136111
1 0.453646 0.897685 0.075000 0.147222
2 0.095833 0.079630 0.040625 0.151852
2 0.059896 0.126389 0.029167 0.169444
2 0.023177 0.145370 0.042188 0.175926
2 0.065625 0.669907 0.060417 0.250926
2 0.022135 0.673611 0.044271 0.243519
