2 0.121615 0.708796 0.041146 0.210185
2 0.200521 0.435185 0.070833 0.111111
2 0.147656 0.076852 0.041146 0.153704
2 0.014063 0.155093 0.028125 0.230556
2 0.012500 0.630556 0.025000 0.233333
2 0.050781 0.695370 0.053646 0.196296
2 0.088802 0.739352 0.046354 0.149074
5 0.164323 0.287500 0.072396 0.119444
6 0.702083 0.328704 0.035417 0.170370
6 0.633073 0.599537 0.064062 0.199074
6 0.683594 0.837037 0.040104 0.179630
6 0.762240 0.929167 0.074479 0.095370
3 0.786719 0.412037 0.085938 0.164815
4 0.768490 0.247685 0.047396 0.139815
4 0.747135 0.073611 0.072396 0.136111
4 0.668750 0.083333 0.057292 0.140741
4 0.676823 0.217130 0.069271 0.089815
6 0.598958 0.189352 0.090625 0.134259
1 0.450260 0.410185 0.081771 0.118519
1 0.461198 0.620833 0.039062 0.141667
1 0.475260 0.294907 0.043229 0.145370
