2 0.025260 0.639815 0.040104 0.168519
2 0.045312 0.703241 0.032292 0.195370
2 0.016146 0.137037 0.032292 0.162963
2 0.100781 0.083333 0.064062 0.166667
6 0.117448 0.759259 0.055729 0.162963
1 0.420312 0.476852 0.094792 0.114815
1 0.511198 0.361111 0.106771 0.074074
1 0.433594 0.903241 0.052604 0.113889
0 0.649219 0.595833 0.128646 0.080556
0 0.727344 0.432870 0.053646 0.184259
6 0.600781 0.359259 0.050521 0.185185
6 0.703125 0.259259 0.057292 0.116667
6 0.633594 0.935648 0.057812 0.128704
4 0.623177 0.124537 0.050521 0.112037
4 0.649219 0.069907 0.048438 0.128704
4 0.704948 0.120370 0.075521 0.103704
4 0.646094 0.211574 0.076563 0.104630
4 0.764583 0.255093 0.063542 0.087963
