4 0.623437 0.123611 0.061458 0.113889
4 0.651302 0.073611 0.054688 0.143519
4 0.702344 0.111111 0.079687 0.125926
4 0.649740 0.207407 0.065104 0.109259
0 0.728906 0.423611 0.052604 0.195370
0 0.647135 0.577315 0.117188 0.075000
4 0.770833 0.254167 0.063542 0.086111
6 0.603385 0.342130 0.045312 0.147222
6 0.702604 0.264352 0.054167 0.130556
1 0.422396 0.463889 0.086458 0.114815
1 0.522135 0.365741 0.096354 0.072222
1 0.433333 0.890741 0.062500 0.111111
2 0.026302 0.652315 0.052604 0.186111
2 0.048438 0.711574 0.034375 0.150926
2 0.020052 0.141667 0.040104 0.168519
2 0.093490 0.080556 0.047396 0.161111
3 0.455208 0.135185 0.091667 0.162963
