4 0.651302 0.068981 0.044271 0.137963
4 0.625781 0.125463 0.048438 0.121296
4 0.707031 0.112963 0.077604 0.122222
4 0.641667 0.203241 0.069792 0.095370
4 0.760417 0.262500 0.061458 0.091667
0 0.720573 0.431944 0.050521 0.182407
0 0.644792 0.595833 0.117708 0.073148
1 0.524740 0.363889 0.105729 0.107407
1 0.409896 0.462963 0.095833 0.116667
1 0.464062 0.464815 0.065625 0.174074
1 0.432292 0.898148 0.066667 0.114815
6 0.702083 0.260185 0.057292 0.111111
2 0.024740 0.655093 0.047396 0.176852
2 0.020573 0.120833 0.041146 0.156481
2 0.052083 0.105556 0.033333 0.118519
2 0.088802 0.067130 0.038021 0.130556
