5 0.157552 0.289815 0.077604 0.109259
2 0.197135 0.435648 0.085938 0.100926
2 0.117448 0.707870 0.041146 0.193519
2 0.072917 0.745833 0.033333 0.147222
2 0.048958 0.729630 0.051042 0.168519
2 0.013021 0.637963 0.026042 0.211111
2 0.156250 0.073611 0.036458 0.143519
2 0.013021 0.153241 0.026042 0.223148
2 0.046875 0.112037 0.043750 0.188889
2 0.095833 0.104630 0.036458 0.159259
3 0.788021 0.406481 0.093750 0.168519
6 0.705208 0.728704 0.063542 0.155556
6 0.683594 0.834259 0.040104 0.177778
6 0.752604 0.931944 0.039583 0.132407
6 0.629687 0.589815 0.057292 0.157407
6 0.700000 0.336111 0.035417 0.181481
4 0.744010 0.079167 0.050521 0.147222
4 0.768229 0.253241 0.052083 0.145370
4 0.665885 0.093056 0.077604 0.147222
4 0.676042 0.217593 0.063542 0.074074
6 0.602344 0.194444 0.069271 0.151852
1 0.435417 0.899537 0.036458 0.125000
1 0.463802 0.618981 0.054688 0.145370
1 0.451562 0.424537 0.068750 0.143519
1 0.476823 0.302778 0.038021 0.161111
