5 0.159115 0.288889 0.072396 0.111111
2 0.198698 0.424537 0.082812 0.128704
2 0.150260 0.071759 0.048438 0.143519
2 0.011198 0.158333 0.022396 0.220370
2 0.052344 0.110185 0.038021 0.166667
2 0.013542 0.631944 0.027083 0.245370
2 0.050521 0.690741 0.062500 0.170370
2 0.073958 0.737500 0.033333 0.137963
2 0.115625 0.706944 0.059375 0.210185
3 0.782292 0.416667 0.112500 0.181481
4 0.771615 0.254167 0.057812 0.132407
4 0.740365 0.074537 0.067187 0.126852
4 0.668229 0.093981 0.070833 0.134259
4 0.673177 0.210648 0.080729 0.069444
6 0.594271 0.173148 0.097917 0.116667
1 0.478906 0.312963 0.056771 0.155556
1 0.451042 0.416667 0.065625 0.116667
1 0.461719 0.622685 0.044271 0.141667
1 0.433073 0.904167 0.051562 0.141667
6 0.628646 0.586111 0.057292 0.179630
6 0.684635 0.839352 0.042188 0.184259
6 0.769531 0.923611 0.083854 0.087963
6 0.696094 0.335185 0.057812 0.183333
