1 0.483854 0.292130 0.056250 0.147222
1 0.458333 0.413889 0.067708 0.129630
1 0.460677 0.625463 0.046354 0.136111
1 0.435937 0.908333 0.041667 0.114815
3 0.785937 0.418981 0.100000 0.143519
6 0.698958 0.328704 0.037500 0.174074
6 0.602865 0.196296 0.070312 0.155556
6 0.626563 0.589815 0.053125 0.161111
6 0.681510 0.841204 0.038021 0.180556
6 0.757031 0.935185 0.054688 0.114815
4 0.736719 0.063426 0.050521 0.126852
4 0.672396 0.091667 0.077083 0.122222
4 0.675521 0.218056 0.068750 0.091667
4 0.766927 0.257870 0.046354 0.147222
5 0.162240 0.290741 0.068229 0.111111
2 0.204687 0.431944 0.084375 0.128704
2 0.120573 0.702315 0.039062 0.204630
2 0.049219 0.694444 0.044271 0.170370
2 0.011719 0.631944 0.023438 0.256481
2 0.014063 0.154167 0.028125 0.189815
2 0.047917 0.120833 0.048958 0.187963
2 0.147135 0.071759 0.044271 0.136111
