0 0.693750 0.451852 0.092708 0.153704
4 0.769271 0.236574 0.070833 0.125000
4 0.718750 0.103241 0.066667 0.087963
4 0.655729 0.075463 0.041667 0.128704
4 0.626042 0.135648 0.044792 0.145370
4 0.654427 0.222222 0.048438 0.129630
6 0.582552 0.179167 0.040104 0.128704
1 0.393750 0.938426 0.085417 0.087963
1 0.461198 0.502778 0.055729 0.159259
1 0.429948 0.362037 0.077604 0.111111
1 0.502604 0.303704 0.061458 0.151852
3 0.392708 0.101389 0.147917 0.084259
2 0.095312 0.076389 0.037500 0.152778
2 0.061458 0.100000 0.038542 0.111111
2 0.017708 0.141667 0.029167 0.175926
2 0.066146 0.638889 0.057292 0.212963
2 0.022656 0.657870 0.029687 0.197222
6 0.067969 0.855556 0.057812 0.124074
