2 0.089844 0.649074 0.040104 0.172222
2 0.097135 0.767130 0.045312 0.121296
2 0.044792 0.709722 0.031250 0.208333
2 0.019271 0.727315 0.032292 0.136111
2 0.021615 0.163426 0.043229 0.200926
2 0.067187 0.101389 0.065625 0.202778
0 0.722396 0.445370 0.061458 0.192593
0 0.663281 0.642593 0.121354 0.101852
6 0.779167 0.188426 0.072917 0.128704
6 0.755208 0.313426 0.066667 0.150926
6 0.708594 0.156481 0.074479 0.166667
3 0.547917 0.228704 0.089583 0.220370
4 0.647135 0.259259 0.068229 0.120370
4 0.628906 0.160648 0.070312 0.076852
6 0.174479 0.415741 0.068750 0.100000
4 0.081510 0.247222 0.044271 0.103704
4 0.122135 0.167593 0.072396 0.101852
4 0.155208 0.293981 0.058333 0.104630
1 0.451562 0.062963 0.072917 0.064815
1 0.465885 0.494444 0.048438 0.125926
1 0.431510 0.739352 0.070312 0.137963
1 0.389583 0.784259 0.106250 0.124074
1 0.411719 0.909259 0.075521 0.124074
