6 0.667708 0.539815 0.037500 0.222222
6 0.726823 0.245370 0.106771 0.100000
6 0.797135 0.070833 0.046354 0.119444
3 0.532813 0.210648 0.059375 0.284259
1 0.484375 0.150463 0.031250 0.193519
1 0.433073 0.567130 0.105729 0.065741
1 0.401042 0.829167 0.098958 0.080556
6 0.314063 0.644907 0.069792 0.182407
2 0.013542 0.118981 0.027083 0.152778
2 0.080469 0.122685 0.046354 0.195370
2 0.115885 0.106019 0.048438 0.189815
2 0.011979 0.553704 0.023958 0.225926
2 0.015625 0.756481 0.031250 0.114815
2 0.029167 0.678241 0.056250 0.156481
2 0.084635 0.649537 0.050521 0.145370
2 0.104688 0.718981 0.062500 0.200926
