1 0.488802 0.376389 0.042188 0.158333
1 0.447135 0.407870 0.057812 0.152778
0 0.683073 0.494907 0.107812 0.089815
0 0.661719 0.655556 0.114062 0.107407
6 0.732292 0.319907 0.067708 0.156481
6 0.692448 0.370833 0.054688 0.154630
4 0.708594 0.227778 0.074479 0.096296
4 0.638281 0.258333 0.076563 0.061111
4 0.619531 0.191204 0.077604 0.076852
4 0.633594 0.076852 0.071354 0.107407
1 0.455729 0.630093 0.064583 0.134259
2 0.145833 0.725463 0.059375 0.189815
2 0.099219 0.724074 0.036979 0.203704
2 0.036198 0.645370 0.050521 0.214815
2 0.055990 0.748611 0.055729 0.141667
2 0.025260 0.137963 0.050521 0.172222
2 0.076563 0.078704 0.042708 0.157407
3 0.284896 0.461574 0.097917 0.199074
4 0.280469 0.322685 0.078646 0.078704
6 0.538281 0.876389 0.060937 0.136111
