4 0.087760 0.245370 0.044271 0.103704
4 0.130990 0.168519 0.080729 0.107407
4 0.152083 0.296759 0.068750 0.091667
6 0.171875 0.407870 0.079167 0.076852
3 0.549479 0.222222 0.094792 0.214815
6 0.701823 0.164815 0.076563 0.133333
6 0.779427 0.193056 0.076563 0.137963
6 0.749479 0.311574 0.061458 0.150926
4 0.629167 0.171296 0.064583 0.074074
0 0.714323 0.446296 0.041146 0.183333
0 0.668490 0.640741 0.139063 0.077778
0 0.537240 0.798611 0.098437 0.084259
1 0.415365 0.908796 0.091146 0.143519
1 0.435417 0.750000 0.072917 0.135185
1 0.467708 0.509722 0.054167 0.149074
4 0.646094 0.262500 0.070312 0.126852
2 0.091667 0.650463 0.054167 0.182407
2 0.099219 0.759259 0.036979 0.105556
2 0.045833 0.696759 0.037500 0.193519
2 0.017708 0.725463 0.035417 0.136111
2 0.016667 0.160648 0.033333 0.187963
2 0.052083 0.072685 0.059375 0.145370
