1 0.407031 0.921296 0.076563 0.125926
1 0.390104 0.782870 0.080208 0.139815
1 0.432552 0.744444 0.076563 0.155556
1 0.467708 0.505556 0.058333 0.161111
3 0.548958 0.220833 0.100000 0.193519
0 0.717708 0.438426 0.042708 0.187963
0 0.669010 0.640741 0.111979 0.101852
6 0.750521 0.315278 0.057292 0.139815
6 0.709375 0.206019 0.033333 0.162037
6 0.539323 0.805556 0.104688 0.094444
4 0.625521 0.157870 0.081250 0.075000
4 0.647135 0.266204 0.068229 0.119444
6 0.172396 0.415741 0.077083 0.085185
4 0.153646 0.295833 0.065625 0.075000
4 0.080469 0.250926 0.046354 0.107407
4 0.131510 0.170370 0.071354 0.092593
2 0.094792 0.656944 0.054167 0.191667
2 0.040885 0.699537 0.039062 0.195370
2 0.020052 0.725463 0.040104 0.132407
2 0.014063 0.580556 0.028125 0.146296
