2 0.091146 0.648611 0.061458 0.200926
2 0.041146 0.699074 0.032292 0.222222
2 0.013021 0.715741 0.021875 0.162963
2 0.013021 0.544907 0.021875 0.117593
2 0.022656 0.142593 0.034896 0.209259
2 0.059115 0.108333 0.045312 0.212963
6 0.170833 0.418519 0.076042 0.074074
6 0.752604 0.323611 0.067708 0.149074
0 0.723437 0.451389 0.057292 0.186111
0 0.667969 0.646759 0.114062 0.089815
6 0.533594 0.801389 0.107812 0.086111
1 0.465885 0.502778 0.050521 0.162963
1 0.437500 0.748148 0.056250 0.166667
1 0.410677 0.912963 0.075521 0.131481
3 0.545312 0.239352 0.086458 0.210185
4 0.621875 0.171296 0.066667 0.074074
4 0.644271 0.263426 0.066667 0.117593
6 0.712240 0.212963 0.043229 0.175926
6 0.780469 0.182407 0.076563 0.107407
4 0.154688 0.293981 0.067708 0.078704
4 0.080208 0.253704 0.031250 0.116667
4 0.127604 0.160648 0.085417 0.095370
