0 0.685417 0.495370 0.118750 0.105556
0 0.663802 0.649074 0.124479 0.107407
6 0.692969 0.379167 0.049479 0.156481
6 0.744531 0.319907 0.083854 0.156481
4 0.707552 0.234722 0.072396 0.075000
4 0.639323 0.258796 0.078646 0.087963
4 0.617448 0.188889 0.083854 0.066667
4 0.628385 0.078704 0.075521 0.111111
4 0.169792 0.397222 0.063542 0.109259
4 0.281771 0.320833 0.063542 0.071296
3 0.284896 0.472222 0.093750 0.198148
6 0.535156 0.872685 0.076563 0.150926
2 0.148698 0.724074 0.061979 0.179630
2 0.094271 0.715278 0.041667 0.193519
2 0.036719 0.638889 0.036979 0.212963
2 0.019531 0.135185 0.039062 0.162963
2 0.070052 0.076389 0.057812 0.137963
1 0.493490 0.387037 0.053646 0.175926
1 0.446094 0.412037 0.051562 0.157407
1 0.453646 0.633796 0.060417 0.130556
