6 0.822656 0.253704 0.076563 0.109259
4 0.728385 0.234722 0.088021 0.104630
4 0.647396 0.202778 0.062500 0.100000
4 0.610417 0.205093 0.033333 0.173148
4 0.731771 0.089815 0.056250 0.114815
4 0.613802 0.071759 0.046354 0.139815
6 0.543229 0.127315 0.058333 0.136111
1 0.509635 0.149074 0.067187 0.161111
1 0.463802 0.261111 0.070312 0.112963
3 0.571094 0.373611 0.135937 0.091667
1 0.489583 0.562037 0.065625 0.159259
1 0.402344 0.753704 0.084896 0.090741
1 0.459635 0.883796 0.078646 0.082407
6 0.319010 0.376389 0.083854 0.121296
4 0.193229 0.231944 0.063542 0.152778
4 0.234375 0.369907 0.053125 0.126852
6 0.143229 0.415741 0.068750 0.129630
2 0.025260 0.655093 0.050521 0.199074
2 0.018229 0.135185 0.036458 0.185185
2 0.048438 0.107870 0.056250 0.197222
2 0.108333 0.083333 0.063542 0.166667
0 0.724479 0.449074 0.065625 0.205556
0 0.653125 0.650463 0.116667 0.089815
