6 0.737500 0.328241 0.063542 0.147222
6 0.686979 0.375926 0.037500 0.164815
3 0.278646 0.459722 0.100000 0.195370
4 0.276562 0.317130 0.087500 0.089815
4 0.171094 0.402778 0.079687 0.111111
4 0.630729 0.076852 0.063542 0.107407
4 0.619531 0.186111 0.085938 0.064815
4 0.701823 0.222222 0.080729 0.092593
4 0.639844 0.256944 0.077604 0.087963
0 0.686458 0.493981 0.112500 0.091667
0 0.659375 0.654167 0.125000 0.093519
1 0.485677 0.394907 0.044271 0.202778
1 0.436979 0.417593 0.055208 0.150000
1 0.456250 0.624537 0.063542 0.152778
6 0.536458 0.880093 0.060417 0.139815
2 0.145573 0.718056 0.039062 0.199074
2 0.097135 0.719444 0.043229 0.205556
2 0.041927 0.637037 0.047396 0.198148
2 0.061979 0.767130 0.037500 0.132407
2 0.023177 0.149537 0.040104 0.187963
2 0.068490 0.068056 0.050521 0.125000
