2 0.021615 0.156019 0.043229 0.197222
2 0.061979 0.109259 0.041667 0.203704
2 0.011719 0.580556 0.023438 0.153704
2 0.018750 0.728704 0.037500 0.159259
2 0.039844 0.694907 0.049479 0.193519
2 0.089844 0.666667 0.054688 0.161111
2 0.094271 0.761574 0.045833 0.128704
0 0.720573 0.448611 0.048438 0.199074
0 0.667969 0.647222 0.114062 0.100000
6 0.746875 0.316204 0.060417 0.141667
6 0.776563 0.189815 0.067708 0.122222
6 0.699219 0.171759 0.071354 0.147222
1 0.412240 0.912037 0.074479 0.103704
1 0.432812 0.752778 0.061458 0.146296
1 0.465104 0.497685 0.063542 0.134259
6 0.540365 0.803704 0.108854 0.074074
3 0.546875 0.213426 0.073958 0.189815
4 0.155208 0.300926 0.072917 0.092593
4 0.086458 0.255556 0.062500 0.101852
4 0.136979 0.156019 0.086458 0.100926
4 0.173437 0.414815 0.066667 0.066667
4 0.627083 0.173611 0.072917 0.082407
4 0.645833 0.269444 0.065625 0.120370
