2 0.029427 0.660185 0.048438 0.170370
2 0.083594 0.743519 0.038021 0.157407
2 0.029687 0.767130 0.041667 0.125000
2 0.065885 0.815741 0.047396 0.118519
2 0.016146 0.158796 0.032292 0.184259
2 0.057031 0.088426 0.053646 0.149074
2 0.115104 0.071759 0.062500 0.125000
4 0.140365 0.215741 0.046354 0.124074
2 0.216146 0.098611 0.089583 0.089815
2 0.228906 0.232870 0.115104 0.089815
2 0.196354 0.364352 0.064583 0.080556
2 0.213281 0.497685 0.085938 0.080556
3 0.301823 0.397685 0.135937 0.093519
6 0.390625 0.814352 0.081250 0.095370
4 0.461198 0.775926 0.032813 0.153704
