3 0.464844 0.273611 0.054688 0.191667
0 0.659896 0.560185 0.091667 0.151852
6 0.558073 0.687037 0.085938 0.101852
6 0.571094 0.460185 0.090104 0.107407
6 0.372656 0.912963 0.109896 0.098148
6 0.426042 0.675463 0.055208 0.143519
6 0.395313 0.440741 0.096875 0.111111
2 0.030990 0.649074 0.047396 0.164815
2 0.023177 0.762500 0.046354 0.156481
2 0.079687 0.740278 0.028125 0.143519
2 0.115885 0.750000 0.038021 0.166667
2 0.021094 0.131944 0.040104 0.184259
2 0.111458 0.080093 0.059375 0.134259
2 0.207292 0.092130 0.063542 0.087963
2 0.209635 0.202315 0.106771 0.086111
2 0.211719 0.489352 0.084896 0.078704
6 0.188542 0.334259 0.060417 0.112963
6 0.642188 0.169907 0.052083 0.197222
6 0.451042 0.785185 0.037500 0.172222
