2 0.026823 0.662037 0.047396 0.166667
2 0.026823 0.753704 0.053646 0.131481
2 0.122656 0.729167 0.051562 0.128704
2 0.084896 0.739815 0.060417 0.168519
2 0.023177 0.149537 0.035937 0.191667
2 0.117448 0.062037 0.039062 0.116667
3 0.465365 0.262500 0.047396 0.180556
1 0.494531 0.516204 0.071354 0.136111
1 0.428906 0.677315 0.067187 0.132407
1 0.488021 0.686111 0.066667 0.175926
4 0.453125 0.798611 0.048958 0.130556
2 0.205990 0.500000 0.079687 0.096296
2 0.210156 0.206944 0.103646 0.095370
2 0.204687 0.092130 0.090625 0.076852
6 0.558594 0.688889 0.102604 0.105556
6 0.386719 0.813426 0.103646 0.078704
6 0.375000 0.918519 0.109375 0.094444
6 0.319531 0.811111 0.082812 0.151852
