3 0.461198 0.259722 0.055729 0.186111
0 0.659375 0.545833 0.084375 0.149074
6 0.633594 0.188426 0.043229 0.197222
6 0.582031 0.112963 0.039062 0.175926
6 0.565104 0.315741 0.089583 0.114815
6 0.557552 0.463889 0.076563 0.161111
6 0.371875 0.916204 0.098958 0.082407
6 0.383594 0.804630 0.103646 0.079630
6 0.323177 0.801389 0.081771 0.147222
1 0.486719 0.533333 0.080729 0.155556
1 0.479687 0.693519 0.088542 0.129630
4 0.460156 0.800463 0.051562 0.134259
2 0.025260 0.142130 0.048438 0.195370
2 0.113542 0.079630 0.063542 0.151852
2 0.028385 0.645370 0.044271 0.164815
2 0.026823 0.733796 0.053646 0.156481
2 0.118490 0.735648 0.041146 0.123148
2 0.086198 0.734722 0.039062 0.132407
2 0.212240 0.494907 0.081771 0.093519
2 0.209115 0.204167 0.105729 0.082407
6 0.144010 0.453241 0.074479 0.132407
6 0.398177 0.435185 0.104688 0.103704
