1 0.397656 0.456019 0.103646 0.141667
1 0.416927 0.391667 0.083854 0.098148
1 0.482292 0.552778 0.087500 0.112963
1 0.510156 0.623611 0.113021 0.100926
1 0.473698 0.706944 0.080729 0.087963
1 0.392188 0.801852 0.086458 0.074074
4 0.456250 0.799074 0.053125 0.114815
1 0.491927 0.149074 0.048438 0.161111
2 0.028646 0.649537 0.057292 0.160185
2 0.014583 0.131481 0.029167 0.166667
2 0.110417 0.096759 0.051042 0.182407
2 0.033854 0.743056 0.057292 0.130556
2 0.079948 0.741204 0.049479 0.145370
2 0.118490 0.729167 0.065104 0.150926
2 0.210156 0.083333 0.097396 0.105556
2 0.200781 0.216667 0.078646 0.103704
2 0.213802 0.497222 0.076563 0.094444
