4 0.459635 0.787500 0.044271 0.149074
6 0.389062 0.806481 0.090625 0.085185
6 0.336719 0.873611 0.104688 0.099074
1 0.473177 0.600926 0.051562 0.162963
6 0.485937 0.413889 0.105208 0.068519
3 0.293229 0.400463 0.094792 0.119444
2 0.016667 0.739352 0.033333 0.152778
2 0.030729 0.660185 0.053125 0.177778
2 0.085677 0.745370 0.044271 0.153704
2 0.022135 0.135185 0.044271 0.159259
2 0.053906 0.104630 0.057812 0.151852
2 0.111719 0.083333 0.046354 0.166667
2 0.225260 0.223148 0.101562 0.081481
2 0.222917 0.090278 0.068750 0.091667
2 0.215104 0.488426 0.100000 0.062037
2 0.195052 0.366204 0.069271 0.073148
