4 0.089323 0.271759 0.071354 0.076852
4 0.121875 0.156944 0.058333 0.099074
6 0.161198 0.224074 0.048438 0.107407
6 0.151562 0.333333 0.057292 0.137037
6 0.647656 0.251389 0.090104 0.084259
3 0.671875 0.469444 0.095833 0.183333
4 0.745313 0.316204 0.065625 0.134259
1 0.451562 0.185648 0.086458 0.099074
1 0.508854 0.134722 0.064583 0.143519
1 0.429948 0.328704 0.071354 0.098148
1 0.508073 0.344907 0.093229 0.073148
1 0.402604 0.700000 0.097917 0.105556
2 0.018229 0.141204 0.036458 0.189815
2 0.055469 0.131481 0.035937 0.159259
2 0.116927 0.049537 0.070312 0.091667
2 0.010156 0.769907 0.020313 0.137963
2 0.012500 0.584722 0.022917 0.191667
2 0.028125 0.659722 0.054167 0.186111
2 0.036198 0.735648 0.054688 0.119444
2 0.086198 0.646759 0.071354 0.193519
2 0.110156 0.738426 0.047396 0.136111
