2 0.033594 0.651389 0.047396 0.163889
2 0.020052 0.734722 0.040104 0.147222
2 0.016146 0.156019 0.032292 0.193519
2 0.053385 0.089815 0.058854 0.164815
2 0.114844 0.083333 0.052604 0.159259
2 0.116927 0.732870 0.056771 0.158333
2 0.213281 0.493056 0.079687 0.093519
2 0.203646 0.209722 0.080208 0.078704
1 0.447656 0.137500 0.082812 0.141667
1 0.512760 0.291204 0.045312 0.206481
1 0.503385 0.137037 0.051562 0.144444
1 0.482031 0.539815 0.076563 0.111111
1 0.504687 0.618981 0.119792 0.099074
1 0.480729 0.714352 0.086458 0.084259
4 0.454948 0.800926 0.045312 0.129630
1 0.400260 0.803241 0.098437 0.078704
1 0.427344 0.679167 0.052604 0.143519
1 0.425781 0.406944 0.077604 0.100926
