2 0.030208 0.655093 0.044792 0.160185
2 0.024219 0.749074 0.048438 0.161111
2 0.025260 0.181019 0.050521 0.182407
2 0.053385 0.110185 0.040104 0.131481
2 0.207552 0.104167 0.072396 0.078704
2 0.208073 0.211574 0.077604 0.086111
2 0.206250 0.488426 0.085417 0.087963
2 0.111719 0.740278 0.050521 0.158333
6 0.291406 0.732407 0.056771 0.224074
6 0.391667 0.438889 0.106250 0.103704
3 0.472396 0.283333 0.059375 0.183333
1 0.393229 0.802778 0.084375 0.096296
1 0.372396 0.919907 0.100000 0.076852
1 0.425521 0.689815 0.060417 0.107407
0 0.652865 0.550000 0.083854 0.114815
4 0.454167 0.776852 0.048958 0.185185
