3 0.455208 0.146759 0.089583 0.143519
1 0.512760 0.296759 0.049479 0.176852
1 0.475781 0.715278 0.078646 0.078704
1 0.493750 0.626389 0.090625 0.084259
1 0.493229 0.537500 0.095833 0.071296
0 0.667188 0.534259 0.094792 0.125926
2 0.035677 0.670833 0.047396 0.191667
2 0.025260 0.743519 0.050521 0.153704
2 0.019271 0.143056 0.038542 0.186111
2 0.054427 0.095370 0.052604 0.168519
2 0.113021 0.100463 0.070833 0.189815
2 0.122135 0.745370 0.044271 0.172222
2 0.084635 0.732870 0.038021 0.139815
2 0.217188 0.213426 0.093750 0.100926
2 0.209375 0.101389 0.093750 0.102778
2 0.218750 0.490278 0.072917 0.099074
1 0.436458 0.400000 0.060417 0.161111
1 0.395833 0.797685 0.095833 0.071296
