1 0.500000 0.150463 0.046875 0.139815
1 0.441406 0.140741 0.074479 0.124074
1 0.427865 0.403241 0.088021 0.108333
1 0.494010 0.538426 0.080729 0.102778
1 0.508594 0.637037 0.111979 0.094444
1 0.465365 0.716667 0.079687 0.061111
4 0.454948 0.806944 0.049479 0.141667
2 0.031771 0.656481 0.045833 0.162963
2 0.019271 0.739815 0.038542 0.168519
2 0.084115 0.737500 0.049479 0.163889
2 0.120052 0.731481 0.048438 0.172222
2 0.211719 0.494907 0.076563 0.089815
2 0.208854 0.209722 0.096875 0.104630
2 0.022656 0.137037 0.045312 0.188889
2 0.059896 0.092130 0.059375 0.156481
2 0.110937 0.097685 0.075000 0.195370
2 0.202083 0.085185 0.102083 0.101852
6 0.576562 0.608796 0.040625 0.199074
6 0.606771 0.752778 0.096875 0.075926
