6 0.616927 0.753704 0.098437 0.098148
6 0.566406 0.660185 0.084896 0.170370
1 0.380469 0.921296 0.111979 0.068519
1 0.397656 0.802778 0.085938 0.064815
1 0.427865 0.678241 0.047396 0.141667
1 0.475781 0.713889 0.089063 0.105556
1 0.482812 0.556481 0.088542 0.090741
1 0.490885 0.625463 0.096354 0.078704
4 0.452865 0.803704 0.046354 0.120370
1 0.439323 0.390741 0.076563 0.125926
1 0.406250 0.458796 0.114583 0.100926
1 0.442448 0.141667 0.084896 0.133333
2 0.018229 0.734722 0.036458 0.150926
2 0.034635 0.686111 0.043229 0.214815
2 0.087760 0.740278 0.044271 0.154630
2 0.117448 0.734722 0.059896 0.182407
2 0.207812 0.500926 0.068750 0.094444
2 0.210417 0.208796 0.093750 0.115741
2 0.027344 0.126389 0.044271 0.199074
2 0.045833 0.095833 0.053125 0.169444
2 0.113802 0.054630 0.054688 0.109259
