2 0.030729 0.662037 0.035417 0.174074
2 0.021615 0.737500 0.043229 0.141667
2 0.078125 0.736574 0.041667 0.147222
2 0.125521 0.738889 0.057292 0.170370
2 0.025781 0.137037 0.051562 0.198148
2 0.115885 0.087037 0.066146 0.159259
2 0.212240 0.087963 0.073438 0.096296
2 0.212240 0.202315 0.090104 0.093519
2 0.212240 0.488426 0.090104 0.073148
0 0.657292 0.544907 0.075000 0.128704
3 0.453125 0.149537 0.093750 0.141667
1 0.480469 0.553704 0.081771 0.092593
1 0.495573 0.620833 0.101562 0.102778
1 0.476823 0.701852 0.086979 0.098148
1 0.401562 0.793056 0.093750 0.076852
4 0.462760 0.801852 0.048438 0.109259
1 0.439583 0.390741 0.082292 0.118519
1 0.407292 0.449537 0.118750 0.093519
6 0.619010 0.757870 0.102604 0.097222
1 0.379948 0.919444 0.113021 0.064815
6 0.332813 0.676389 0.094792 0.134259
