6 0.615104 0.750926 0.096875 0.079630
6 0.578646 0.610185 0.056250 0.185185
3 0.486979 0.157870 0.068750 0.132407
2 0.029687 0.664815 0.059375 0.150000
2 0.024740 0.758796 0.049479 0.091667
2 0.208594 0.490278 0.082812 0.084259
2 0.209896 0.218519 0.094792 0.111111
2 0.115104 0.745833 0.062500 0.193519
2 0.021615 0.125463 0.043229 0.189815
2 0.114062 0.093056 0.062500 0.186111
2 0.207552 0.086111 0.078646 0.107407
1 0.426823 0.391204 0.075521 0.087963
1 0.488281 0.544907 0.085938 0.078704
1 0.503906 0.635185 0.106771 0.116667
1 0.428906 0.670833 0.045312 0.137963
1 0.474740 0.713426 0.080729 0.089815
1 0.457552 0.793056 0.044271 0.149074
1 0.402344 0.806019 0.082812 0.082407
1 0.376563 0.920370 0.130208 0.062963
