1 0.446094 0.144444 0.069271 0.127778
1 0.395052 0.800463 0.084896 0.076852
1 0.478385 0.711574 0.088021 0.093519
1 0.500000 0.624074 0.088542 0.057407
1 0.489323 0.542130 0.081771 0.087963
0 0.662240 0.536111 0.080729 0.114815
6 0.622656 0.751389 0.107812 0.080556
2 0.031250 0.683796 0.040625 0.191667
2 0.019271 0.738426 0.038542 0.143519
2 0.023177 0.136111 0.035937 0.225926
2 0.061198 0.099074 0.049479 0.166667
2 0.116927 0.088889 0.056771 0.170370
2 0.207812 0.104167 0.090625 0.093519
2 0.214583 0.213889 0.090625 0.101852
2 0.210156 0.493981 0.077604 0.084259
