3 0.541927 0.215741 0.105729 0.155556
1 0.434375 0.400000 0.068750 0.172222
1 0.449219 0.137963 0.075521 0.142593
1 0.398177 0.803241 0.082812 0.082407
0 0.662240 0.533333 0.089063 0.120370
2 0.025260 0.141204 0.050521 0.189815
2 0.056510 0.084259 0.048438 0.168519
2 0.122396 0.082407 0.059375 0.164815
2 0.033854 0.676389 0.041667 0.191667
2 0.022656 0.738426 0.039062 0.171296
2 0.115365 0.753241 0.041146 0.195370
2 0.084375 0.748148 0.033333 0.159259
2 0.210156 0.498148 0.065104 0.088889
2 0.213021 0.214352 0.095833 0.099074
4 0.460156 0.811111 0.047396 0.127778
6 0.537240 0.695370 0.072396 0.164815
6 0.622656 0.751852 0.105729 0.098148
