2 0.211719 0.201389 0.106771 0.091667
2 0.211719 0.499074 0.078646 0.077778
2 0.020052 0.143981 0.040104 0.191667
2 0.032292 0.654167 0.044792 0.182407
2 0.020052 0.749074 0.040104 0.168519
2 0.081510 0.740741 0.040104 0.159259
2 0.116927 0.729630 0.050521 0.164815
6 0.587240 0.586111 0.047396 0.218519
1 0.450260 0.147685 0.083854 0.134259
1 0.505729 0.142130 0.035417 0.134259
1 0.427344 0.400463 0.084896 0.084259
1 0.491406 0.543056 0.077604 0.089815
1 0.508073 0.618981 0.093229 0.084259
1 0.475781 0.715741 0.089063 0.098148
4 0.451042 0.810185 0.039583 0.114815
6 0.616667 0.756944 0.093750 0.084259
6 0.550521 0.170370 0.054167 0.211111
6 0.293750 0.868056 0.061458 0.184259
6 0.369010 0.924537 0.119271 0.075000
