1 0.449740 0.153241 0.082812 0.123148
1 0.497135 0.143519 0.052604 0.153704
1 0.421615 0.392593 0.078646 0.107407
1 0.404948 0.438889 0.107812 0.153704
1 0.422396 0.670370 0.040625 0.122222
1 0.491927 0.625463 0.080729 0.089815
1 0.469792 0.700000 0.092708 0.098148
1 0.486979 0.545833 0.096875 0.099074
4 0.451302 0.793981 0.043229 0.128704
1 0.389583 0.810648 0.081250 0.076852
1 0.379948 0.919444 0.106771 0.068519
2 0.034635 0.650463 0.053646 0.162037
2 0.021094 0.731944 0.040104 0.141667
2 0.082031 0.738426 0.039062 0.139815
2 0.119271 0.731481 0.061458 0.161111
2 0.017708 0.140741 0.035417 0.220370
2 0.049219 0.095833 0.044271 0.180556
2 0.116927 0.078704 0.035937 0.157407
2 0.198437 0.090741 0.096875 0.116667
2 0.210156 0.212500 0.099479 0.087963
2 0.214583 0.496296 0.090625 0.092593
