3 0.485937 0.171759 0.103125 0.143519
2 0.034115 0.660185 0.048438 0.170370
2 0.019271 0.738426 0.038542 0.171296
2 0.020573 0.152315 0.036979 0.189815
2 0.053906 0.087037 0.041146 0.155556
2 0.116406 0.090741 0.065104 0.177778
2 0.210677 0.085185 0.074479 0.112963
2 0.215625 0.207407 0.090625 0.109259
2 0.208073 0.493056 0.085938 0.075000
2 0.124740 0.749074 0.047396 0.187037
2 0.088542 0.749074 0.036458 0.168519
1 0.427083 0.400463 0.061458 0.137963
1 0.398177 0.431944 0.119271 0.104630
1 0.492969 0.541204 0.102604 0.089815
1 0.494010 0.630556 0.115104 0.100000
1 0.423958 0.677778 0.041667 0.164815
1 0.477865 0.704167 0.078646 0.100926
1 0.393229 0.800000 0.096875 0.066667
4 0.459115 0.802778 0.041146 0.129630
1 0.375000 0.914815 0.120833 0.070370
