2 0.021094 0.760648 0.042188 0.119444
2 0.034896 0.677315 0.035417 0.189815
2 0.122917 0.739815 0.036458 0.168519
2 0.091667 0.758333 0.070833 0.218519
2 0.023698 0.138889 0.047396 0.188889
2 0.121615 0.064352 0.049479 0.125000
2 0.209115 0.101852 0.085938 0.064815
2 0.212760 0.216204 0.072396 0.126852
2 0.211719 0.495370 0.070312 0.094444
3 0.543229 0.204167 0.098958 0.150926
1 0.511719 0.406944 0.075521 0.150926
1 0.493490 0.543519 0.081771 0.112963
1 0.480208 0.702778 0.067708 0.107407
1 0.404167 0.807870 0.088542 0.086111
1 0.390625 0.920833 0.100000 0.075000
1 0.437500 0.393519 0.072917 0.116667
6 0.543229 0.782870 0.054167 0.189815
6 0.164844 0.224074 0.039062 0.183333
6 0.151823 0.437037 0.069271 0.211111
0 0.661719 0.540741 0.109896 0.109259
