0 0.659375 0.543056 0.088542 0.108333
6 0.537760 0.818981 0.085938 0.167593
3 0.561198 0.155093 0.111979 0.160185
2 0.027344 0.664815 0.040104 0.150000
2 0.034896 0.738426 0.055208 0.178704
2 0.132031 0.712037 0.044271 0.216667
2 0.093229 0.778704 0.057292 0.262963
2 0.018229 0.137037 0.036458 0.185185
2 0.051302 0.087963 0.048438 0.164815
2 0.114062 0.070833 0.058333 0.130556
2 0.213281 0.103241 0.101562 0.073148
2 0.217188 0.216667 0.093750 0.118519
2 0.210677 0.492130 0.064062 0.080556
1 0.397135 0.811111 0.080729 0.070370
1 0.502344 0.405093 0.079687 0.100926
1 0.436979 0.393519 0.071875 0.116667
1 0.444271 0.143981 0.093750 0.087963
4 0.453646 0.812037 0.047917 0.122222
6 0.649219 0.742130 0.115104 0.097222
