0 0.662240 0.535185 0.115104 0.109259
6 0.647135 0.736574 0.113021 0.100926
6 0.534115 0.830556 0.106771 0.109259
1 0.394010 0.942593 0.110937 0.079630
1 0.405208 0.805556 0.086458 0.070370
1 0.482812 0.706944 0.082292 0.091667
1 0.500000 0.428241 0.062500 0.063889
1 0.429427 0.387037 0.084896 0.107407
3 0.548438 0.168519 0.092708 0.233333
1 0.444531 0.140278 0.096354 0.080556
6 0.314583 0.238426 0.105208 0.075000
2 0.211198 0.207870 0.103646 0.104630
2 0.208594 0.485648 0.072396 0.071296
2 0.031250 0.651389 0.062500 0.187963
2 0.027865 0.743981 0.047396 0.150926
2 0.119531 0.716667 0.036979 0.179630
2 0.084896 0.786111 0.060417 0.231481
2 0.024740 0.137037 0.041146 0.181481
2 0.113021 0.072685 0.056250 0.134259
