6 0.541927 0.714815 0.071354 0.168519
6 0.620313 0.748148 0.087500 0.077778
2 0.020573 0.741667 0.041146 0.164815
2 0.035677 0.688889 0.053646 0.209259
2 0.119010 0.744444 0.038021 0.159259
2 0.096875 0.767593 0.062500 0.220370
2 0.024740 0.128241 0.049479 0.191667
2 0.063021 0.092593 0.048958 0.162963
2 0.098958 0.103241 0.032292 0.152778
2 0.133594 0.050000 0.036979 0.100000
2 0.216406 0.108796 0.079687 0.080556
2 0.214323 0.218519 0.081771 0.103704
2 0.216667 0.489352 0.086458 0.089815
3 0.543750 0.226389 0.119792 0.130556
1 0.528125 0.313426 0.086458 0.154630
1 0.516146 0.420833 0.084375 0.143519
1 0.484375 0.532407 0.053125 0.103704
1 0.409635 0.806944 0.083854 0.080556
1 0.394271 0.925463 0.118750 0.095370
