3 0.453646 0.144907 0.075000 0.143519
2 0.015625 0.745370 0.031250 0.150000
2 0.029948 0.698148 0.045312 0.212963
2 0.018750 0.127315 0.037500 0.197222
2 0.048958 0.106019 0.053125 0.189815
2 0.120573 0.060185 0.053646 0.101852
2 0.217708 0.098611 0.092708 0.086111
2 0.212760 0.211574 0.104688 0.075000
2 0.209635 0.495833 0.068229 0.080556
2 0.084635 0.774537 0.048438 0.193519
2 0.124740 0.741204 0.047396 0.152778
1 0.524219 0.309722 0.078646 0.132407
1 0.516667 0.424074 0.097917 0.120370
1 0.488281 0.531481 0.075521 0.094444
1 0.411458 0.801852 0.094792 0.090741
1 0.396615 0.918519 0.099479 0.070370
6 0.540365 0.703241 0.070312 0.176852
6 0.628385 0.754167 0.105729 0.075000
