3 0.533854 0.219444 0.104167 0.112963
0 0.667969 0.528704 0.109896 0.100000
2 0.021094 0.729167 0.042188 0.150926
2 0.038281 0.689352 0.044271 0.199074
2 0.122917 0.710648 0.038542 0.202778
2 0.094792 0.768056 0.066667 0.202778
2 0.023177 0.141204 0.046354 0.197222
2 0.058594 0.089815 0.050521 0.172222
2 0.109896 0.076389 0.056250 0.130556
2 0.158333 0.060185 0.034375 0.116667
2 0.211198 0.213426 0.095312 0.100926
2 0.215885 0.496759 0.082812 0.086111
1 0.436458 0.406944 0.070833 0.158333
1 0.419792 0.665741 0.061458 0.101852
1 0.402083 0.799537 0.086458 0.075000
6 0.316667 0.897222 0.038542 0.177778
6 0.548438 0.750926 0.056250 0.196296
