3 0.541927 0.225926 0.118229 0.129630
1 0.438021 0.420370 0.045833 0.105556
1 0.490365 0.543981 0.088021 0.106481
1 0.475781 0.690741 0.082812 0.112963
1 0.401302 0.805556 0.084896 0.081481
0 0.656250 0.534259 0.088542 0.096296
6 0.545833 0.696296 0.093750 0.155556
2 0.021094 0.734722 0.042188 0.175000
2 0.031250 0.699074 0.060417 0.233333
2 0.084635 0.772685 0.058854 0.186111
2 0.109896 0.738426 0.062500 0.200926
2 0.020573 0.131019 0.041146 0.193519
2 0.052344 0.093981 0.052604 0.173148
2 0.114844 0.069907 0.068229 0.117593
2 0.204167 0.092130 0.104167 0.073148
2 0.213802 0.206944 0.100521 0.099074
2 0.203646 0.488426 0.086458 0.080556
