0 0.654687 0.533333 0.087500 0.105556
1 0.444010 0.133333 0.090104 0.098148
3 0.545312 0.168519 0.086458 0.164815
1 0.521615 0.432870 0.085938 0.099074
1 0.435156 0.381944 0.077604 0.089815
1 0.479687 0.709722 0.066667 0.108333
1 0.411458 0.800463 0.088542 0.084259
6 0.649740 0.736574 0.107812 0.113889
6 0.534896 0.832407 0.100000 0.131481
2 0.027865 0.665741 0.043229 0.170370
2 0.027604 0.754630 0.055208 0.129630
2 0.019531 0.139815 0.039062 0.153704
2 0.052344 0.089815 0.042188 0.153704
2 0.116146 0.061111 0.064583 0.114815
2 0.211719 0.111111 0.086979 0.075926
2 0.214583 0.208796 0.096875 0.091667
2 0.214583 0.481019 0.066667 0.080556
2 0.115104 0.732870 0.060417 0.175000
6 0.167969 0.256481 0.053646 0.153704
