0 0.661719 0.527778 0.120313 0.105556
6 0.634115 0.749537 0.113021 0.082407
6 0.544792 0.775463 0.055208 0.199074
3 0.538281 0.202315 0.121354 0.136111
1 0.506771 0.404167 0.091667 0.173148
1 0.431510 0.387037 0.072396 0.100000
1 0.482292 0.546296 0.089583 0.103704
1 0.423958 0.674074 0.055208 0.114815
4 0.449740 0.800000 0.044271 0.098148
2 0.034375 0.673148 0.058333 0.166667
2 0.019531 0.730556 0.039062 0.170370
2 0.115885 0.727778 0.052604 0.118519
2 0.092708 0.759259 0.064583 0.174074
2 0.017188 0.128241 0.034375 0.187963
2 0.054427 0.088889 0.046354 0.170370
2 0.119271 0.051852 0.059375 0.103704
2 0.217448 0.098611 0.107812 0.063889
2 0.218750 0.216667 0.086458 0.107407
2 0.208594 0.489352 0.080729 0.075000
