6 0.550000 0.778704 0.123958 0.094444
6 0.642708 0.548148 0.069792 0.153704
6 0.519792 0.956944 0.095833 0.082407
2 0.032292 0.656944 0.044792 0.156481
2 0.024219 0.733796 0.048438 0.141667
2 0.019531 0.153241 0.039062 0.217593
2 0.054427 0.082407 0.046354 0.153704
2 0.119010 0.068056 0.044271 0.136111
2 0.086719 0.737037 0.052604 0.166667
2 0.120573 0.740741 0.047396 0.174074
2 0.197135 0.598611 0.083854 0.082407
2 0.216146 0.364815 0.117708 0.074074
2 0.243490 0.198148 0.122396 0.116667
3 0.186979 0.858333 0.069792 0.100000
4 0.461719 0.780556 0.033854 0.159259
1 0.512240 0.345833 0.072396 0.147222
6 0.159635 0.322685 0.049479 0.128704
1 0.344792 0.460648 0.103125 0.117593
1 0.424479 0.677778 0.052083 0.111111
