0 0.663802 0.546296 0.107812 0.103704
6 0.524219 0.918519 0.066146 0.162963
5 0.337500 0.338889 0.064583 0.100000
6 0.278646 0.318981 0.085417 0.121296
1 0.466667 0.110185 0.062500 0.105556
1 0.515365 0.231944 0.078646 0.084259
1 0.502865 0.340741 0.072396 0.114815
1 0.511198 0.445370 0.082812 0.059259
1 0.390625 0.794907 0.095833 0.102778
6 0.546875 0.777778 0.136458 0.072222
3 0.334635 0.931944 0.108854 0.104630
6 0.183594 0.804630 0.054688 0.146296
2 0.031771 0.657407 0.063542 0.157407
2 0.027865 0.769907 0.051562 0.126852
2 0.020573 0.150463 0.041146 0.178704
2 0.051042 0.093981 0.037500 0.156481
2 0.103906 0.072685 0.048438 0.130556
2 0.136198 0.056481 0.038021 0.112963
2 0.205208 0.102315 0.089583 0.082407
2 0.213802 0.193519 0.110937 0.088889
2 0.205208 0.602778 0.093750 0.105556
