2 0.034115 0.659722 0.046354 0.147222
2 0.029167 0.754630 0.038542 0.125926
2 0.119010 0.747222 0.046354 0.168519
2 0.089583 0.748148 0.038542 0.166667
2 0.019271 0.144444 0.038542 0.177778
2 0.052344 0.072685 0.054688 0.137963
2 0.116406 0.068056 0.051562 0.136111
2 0.204167 0.105093 0.089583 0.076852
2 0.221094 0.182870 0.107812 0.067593
2 0.202083 0.608333 0.085417 0.090741
1 0.468229 0.119907 0.069792 0.097222
1 0.521094 0.231944 0.086979 0.065741
1 0.508594 0.339815 0.057812 0.109259
1 0.430469 0.352315 0.098437 0.080556
1 0.516146 0.446296 0.096875 0.064815
1 0.488021 0.588889 0.060417 0.120370
5 0.336719 0.352778 0.072396 0.107407
5 0.329688 0.533333 0.068750 0.155556
6 0.409896 0.590741 0.063542 0.166667
1 0.407812 0.726852 0.095833 0.094444
1 0.395573 0.790278 0.085938 0.100926
4 0.458073 0.794907 0.045312 0.126852
6 0.517708 0.916667 0.055208 0.144444
6 0.179948 0.808333 0.065104 0.161111
