3 0.337760 0.890741 0.052604 0.179630
0 0.656771 0.539815 0.089583 0.111111
6 0.552344 0.780556 0.108854 0.094444
6 0.520573 0.925463 0.071354 0.137963
1 0.466146 0.118519 0.067708 0.111111
1 0.425000 0.350463 0.087500 0.073148
1 0.508594 0.446296 0.088021 0.088889
1 0.486458 0.608796 0.085417 0.087963
1 0.412240 0.725926 0.080729 0.068519
6 0.406250 0.591667 0.062500 0.164815
1 0.395833 0.797222 0.089583 0.111111
5 0.334115 0.343981 0.083854 0.104630
5 0.329688 0.541667 0.058333 0.166667
1 0.423698 0.920370 0.075521 0.094444
5 0.131510 0.233796 0.073438 0.137963
2 0.022656 0.146759 0.045312 0.178704
2 0.019531 0.758796 0.039062 0.210185
2 0.034115 0.699537 0.046354 0.199074
2 0.123177 0.747222 0.046354 0.164815
2 0.084635 0.742593 0.038021 0.159259
2 0.195052 0.600926 0.103646 0.105556
2 0.214062 0.194444 0.093750 0.116667
