0 0.664323 0.538889 0.108854 0.105556
2 0.025781 0.725463 0.051562 0.139815
2 0.039844 0.664815 0.045312 0.164815
2 0.023177 0.149537 0.046354 0.187963
2 0.053906 0.093056 0.043229 0.154630
2 0.120052 0.065278 0.050521 0.130556
2 0.082552 0.748148 0.050521 0.181481
2 0.117448 0.730556 0.034896 0.162963
2 0.210677 0.356481 0.106771 0.057407
2 0.203125 0.602315 0.078125 0.082407
2 0.194531 0.496296 0.102604 0.046296
6 0.349740 0.462500 0.106771 0.086111
1 0.512760 0.347685 0.079687 0.143519
1 0.403385 0.812037 0.082812 0.064815
1 0.417448 0.902315 0.054688 0.102778
4 0.455208 0.789352 0.037500 0.115741
6 0.557031 0.784722 0.114062 0.089815
6 0.232813 0.841204 0.064583 0.130556
