0 0.664844 0.533333 0.099479 0.112963
1 0.468229 0.116667 0.065625 0.100000
1 0.519010 0.234722 0.078646 0.089815
1 0.427604 0.354167 0.090625 0.091667
1 0.508073 0.433796 0.082812 0.093519
1 0.404687 0.709722 0.089583 0.071296
6 0.412500 0.589352 0.060417 0.147222
6 0.522656 0.923611 0.075521 0.137963
3 0.327604 0.931481 0.125000 0.111111
4 0.271094 0.319907 0.084896 0.123148
2 0.032292 0.668519 0.050000 0.164815
2 0.023698 0.738426 0.047396 0.143519
2 0.123177 0.729630 0.044271 0.175926
2 0.019271 0.137500 0.038542 0.191667
2 0.201302 0.100000 0.105729 0.057407
2 0.214844 0.194444 0.108854 0.081481
2 0.207031 0.606481 0.107812 0.127778
4 0.457552 0.793056 0.044271 0.145370
5 0.336719 0.344907 0.084896 0.106481
