0 0.665885 0.540278 0.105729 0.115741
1 0.513542 0.340278 0.073958 0.139815
1 0.497396 0.933333 0.085417 0.111111
1 0.409635 0.924074 0.073438 0.112963
1 0.403906 0.808796 0.077604 0.080556
4 0.456771 0.794907 0.034375 0.130556
6 0.558073 0.782407 0.111979 0.094444
6 0.344792 0.455093 0.096875 0.100926
3 0.192188 0.821759 0.065625 0.130556
2 0.023698 0.744907 0.045312 0.134259
2 0.040885 0.677315 0.047396 0.175000
2 0.091667 0.760648 0.054167 0.191667
2 0.122656 0.743519 0.047396 0.157407
2 0.202344 0.614815 0.077604 0.096296
2 0.208594 0.503704 0.080729 0.061111
2 0.208594 0.373611 0.080729 0.106481
2 0.210677 0.113889 0.078646 0.074074
2 0.022656 0.144907 0.045312 0.204630
2 0.063542 0.095370 0.038542 0.164815
2 0.120573 0.064352 0.053646 0.128704
