6 0.549219 0.782870 0.110937 0.093519
1 0.516146 0.229630 0.066667 0.100000
1 0.507552 0.328704 0.075521 0.105556
1 0.427083 0.680093 0.061458 0.099074
1 0.414323 0.795833 0.056771 0.097222
4 0.459115 0.794907 0.027604 0.119444
6 0.438542 0.487037 0.052083 0.222222
1 0.416667 0.959722 0.065625 0.069444
2 0.021615 0.732407 0.043229 0.162963
2 0.036198 0.668519 0.048438 0.172222
2 0.021615 0.134259 0.043229 0.214815
2 0.056510 0.104167 0.035937 0.193519
2 0.119010 0.062500 0.040104 0.125000
2 0.219271 0.181944 0.083333 0.091667
2 0.223958 0.367593 0.122917 0.100000
2 0.207552 0.490278 0.046354 0.145370
2 0.206771 0.585185 0.088542 0.144444
2 0.120833 0.739352 0.036458 0.149074
2 0.090625 0.720370 0.038542 0.168519
6 0.113281 0.180093 0.071354 0.049074
