3 0.661198 0.545370 0.108854 0.109259
2 0.032292 0.655093 0.038542 0.141667
2 0.016667 0.729167 0.033333 0.143519
2 0.082031 0.750000 0.039062 0.162963
2 0.112760 0.743519 0.052604 0.172222
2 0.028646 0.139352 0.057292 0.193519
2 0.121354 0.062037 0.085417 0.124074
2 0.205990 0.605556 0.075521 0.100000
2 0.209635 0.499074 0.098437 0.074074
2 0.218229 0.348611 0.108333 0.084259
6 0.346615 0.454167 0.115104 0.102778
6 0.430990 0.371296 0.090104 0.118519
1 0.524219 0.354167 0.074479 0.137963
1 0.422396 0.677315 0.064583 0.097222
1 0.456771 0.790278 0.034375 0.125000
1 0.399219 0.806019 0.096354 0.082407
1 0.488542 0.935185 0.093750 0.111111
6 0.553385 0.800926 0.110937 0.111111
