2 0.007552 0.732870 0.015104 0.154630
2 0.014063 0.817130 0.028125 0.060185
2 0.037240 0.666667 0.040104 0.161111
2 0.031250 0.784722 0.036458 0.086111
2 0.080208 0.729167 0.035417 0.147222
2 0.117969 0.743056 0.042188 0.191667
2 0.021094 0.142130 0.042188 0.191667
2 0.055990 0.074537 0.041146 0.145370
2 0.116406 0.068056 0.039062 0.136111
2 0.209115 0.105093 0.088021 0.084259
2 0.223698 0.191204 0.113021 0.080556
2 0.197656 0.603241 0.100521 0.087963
3 0.333073 0.872685 0.077604 0.193519
1 0.516667 0.222222 0.076042 0.075926
1 0.425781 0.353241 0.101562 0.067593
1 0.512500 0.443519 0.085417 0.077778
1 0.483333 0.596759 0.089583 0.078704
1 0.408854 0.725926 0.083333 0.072222
1 0.391406 0.778704 0.107812 0.090741
5 0.333073 0.346759 0.077604 0.087963
5 0.333854 0.550926 0.058333 0.151852
6 0.245312 0.938889 0.057292 0.118519
6 0.263542 0.835185 0.041667 0.175926
6 0.409375 0.598611 0.068750 0.178704
6 0.535156 0.769444 0.080729 0.120370
6 0.570573 0.676389 0.054688 0.149074
6 0.190625 0.428241 0.038542 0.178704
