5 0.332292 0.345833 0.063542 0.100926
2 0.012500 0.729630 0.025000 0.218519
2 0.035417 0.700926 0.066667 0.225926
2 0.083073 0.728704 0.043229 0.159259
2 0.117188 0.730093 0.062500 0.145370
2 0.017188 0.145833 0.034375 0.199074
2 0.043490 0.112037 0.050521 0.212963
2 0.214844 0.194444 0.139063 0.066667
2 0.197917 0.594907 0.089583 0.078704
3 0.338802 0.888889 0.068229 0.161111
1 0.517188 0.230093 0.096875 0.080556
1 0.473177 0.119907 0.079687 0.100926
1 0.513802 0.451389 0.105729 0.071296
1 0.427083 0.356481 0.089583 0.092593
1 0.477865 0.600463 0.098437 0.086111
6 0.520833 0.748148 0.095833 0.124074
1 0.390625 0.796759 0.100000 0.095370
1 0.410156 0.723148 0.082812 0.051852
6 0.198698 0.409259 0.042188 0.177778
2 0.212240 0.100463 0.085938 0.078704
