6 0.568750 0.668056 0.064583 0.139815
6 0.526563 0.756944 0.097917 0.130556
6 0.195052 0.400463 0.041146 0.137963
6 0.406771 0.225000 0.106250 0.144444
2 0.015625 0.138426 0.029167 0.193519
2 0.059375 0.096759 0.054167 0.175000
2 0.117969 0.061111 0.058854 0.122222
2 0.221875 0.197222 0.122917 0.092593
2 0.197917 0.604167 0.089583 0.082407
2 0.009635 0.717130 0.019271 0.143519
2 0.029167 0.690278 0.036458 0.200926
2 0.086719 0.725000 0.046354 0.148148
2 0.112240 0.743981 0.049479 0.182407
3 0.337500 0.893519 0.064583 0.155556
1 0.467187 0.112963 0.071875 0.100000
1 0.430469 0.342130 0.089063 0.082407
1 0.513021 0.223148 0.084375 0.077778
1 0.478385 0.589352 0.088021 0.078704
1 0.513021 0.445370 0.096875 0.066667
6 0.392708 0.645370 0.069792 0.153704
1 0.418229 0.725000 0.070833 0.051852
1 0.442708 0.904167 0.036458 0.095370
1 0.398177 0.791204 0.096354 0.095370
5 0.337760 0.344444 0.074479 0.111111
