4 0.021094 0.137963 0.042188 0.196296
4 0.007552 0.681019 0.015104 0.178704
4 0.032292 0.660648 0.042708 0.126852
4 0.039323 0.745833 0.048438 0.132407
4 0.083854 0.743056 0.034375 0.152778
4 0.117969 0.732870 0.052604 0.158333
4 0.060156 0.077778 0.051562 0.155556
4 0.120573 0.051852 0.055729 0.103704
4 0.651302 0.539352 0.050521 0.150926
4 0.116927 0.191204 0.050521 0.080556
2 0.217448 0.197222 0.111979 0.088889
2 0.198437 0.602315 0.094792 0.078704
3 0.345833 0.897685 0.066667 0.186111
1 0.417708 0.721759 0.087500 0.084259
1 0.521354 0.444444 0.092708 0.064815
1 0.416406 0.454167 0.102604 0.065741
1 0.520312 0.226389 0.096875 0.080556
1 0.465625 0.118519 0.068750 0.103704
5 0.345313 0.563426 0.069792 0.152778
6 0.580729 0.706944 0.066667 0.130556
6 0.558854 0.894444 0.067708 0.164815
4 0.454948 0.807407 0.043229 0.120370
1 0.472917 0.574074 0.086458 0.112963
