1 0.451042 0.217593 0.091667 0.070370
1 0.439062 0.349537 0.089583 0.097222
1 0.512760 0.446296 0.103646 0.075926
1 0.430990 0.469444 0.083854 0.103704
3 0.428906 0.577778 0.067187 0.101852
4 0.473177 0.810185 0.039062 0.164815
6 0.650260 0.254630 0.098437 0.125926
6 0.651823 0.818056 0.039062 0.195370
6 0.671875 0.945370 0.053125 0.109259
0 0.682031 0.462500 0.085938 0.178704
0 0.197917 0.935648 0.065625 0.093519
2 0.031250 0.660185 0.038542 0.170370
2 0.086719 0.733796 0.042188 0.156481
2 0.123437 0.708796 0.033333 0.213889
2 0.026302 0.097685 0.052604 0.180556
2 0.111198 0.052315 0.047396 0.089815
5 0.334115 0.551389 0.077604 0.134259
5 0.266406 0.354630 0.047396 0.168519
6 0.267969 0.237500 0.074479 0.102778
6 0.639583 0.620833 0.095833 0.099074
