0 0.686458 0.477315 0.090625 0.199074
6 0.644531 0.255556 0.101562 0.127778
6 0.655208 0.818056 0.044792 0.195370
6 0.595833 0.847685 0.066667 0.165741
6 0.480729 0.725926 0.098958 0.072222
3 0.438021 0.565278 0.061458 0.126852
1 0.516667 0.437963 0.073958 0.055556
1 0.427344 0.454167 0.070312 0.076852
1 0.434896 0.346759 0.087500 0.095370
1 0.520052 0.311574 0.086979 0.078704
1 0.446354 0.207870 0.092708 0.071296
1 0.461719 0.118981 0.060937 0.084259
4 0.468750 0.824537 0.050000 0.154630
5 0.337240 0.557407 0.073438 0.142593
6 0.085156 0.377315 0.047396 0.149074
6 0.122656 0.372685 0.049479 0.171296
2 0.023698 0.091667 0.047396 0.164815
2 0.112760 0.068056 0.044271 0.136111
2 0.032292 0.662037 0.044792 0.181481
2 0.085677 0.743519 0.050521 0.157407
2 0.122396 0.753704 0.053125 0.212963
