0 0.682031 0.467593 0.077604 0.179630
2 0.035156 0.653241 0.040104 0.173148
2 0.021615 0.101389 0.041146 0.149074
2 0.121875 0.055556 0.036458 0.111111
2 0.091406 0.745370 0.043229 0.179630
2 0.128906 0.706944 0.042188 0.199074
6 0.626563 0.618981 0.104167 0.076852
6 0.657292 0.823611 0.056250 0.191667
6 0.651042 0.257407 0.096875 0.112963
6 0.662240 0.951389 0.110937 0.093519
6 0.083073 0.375463 0.043229 0.141667
6 0.196094 0.932870 0.067187 0.087963
5 0.265625 0.344907 0.055208 0.156481
5 0.339844 0.553241 0.076563 0.137963
3 0.429427 0.575926 0.052604 0.105556
4 0.473177 0.820833 0.045312 0.136111
1 0.515625 0.440741 0.087500 0.072222
1 0.430990 0.462037 0.081771 0.103704
1 0.433073 0.350463 0.085938 0.099074
1 0.520573 0.319907 0.088021 0.080556
1 0.448437 0.216667 0.094792 0.068519
1 0.467187 0.125463 0.063542 0.078704
