0 0.681510 0.459722 0.084896 0.160185
6 0.647135 0.540278 0.052604 0.160185
6 0.576042 0.705556 0.063542 0.116667
1 0.466667 0.128241 0.064583 0.099074
1 0.521094 0.237500 0.098437 0.080556
1 0.437500 0.341204 0.090625 0.091667
1 0.420833 0.457870 0.106250 0.080556
1 0.475781 0.572222 0.074479 0.105556
1 0.425781 0.720370 0.075521 0.079630
1 0.398698 0.786111 0.075521 0.120370
4 0.461198 0.796759 0.043229 0.130556
2 0.019792 0.153241 0.035417 0.191667
2 0.055469 0.075463 0.048438 0.136111
2 0.115885 0.072685 0.048438 0.141667
2 0.018750 0.779630 0.037500 0.150000
2 0.028125 0.655556 0.054167 0.168519
2 0.049479 0.763426 0.034375 0.113889
2 0.081250 0.737500 0.037500 0.134259
2 0.116406 0.748148 0.053646 0.159259
2 0.222656 0.190741 0.113021 0.112963
2 0.197917 0.606019 0.091667 0.086111
5 0.340625 0.558333 0.068750 0.151852
3 0.347917 0.885185 0.064583 0.146296
6 0.473177 0.951389 0.107812 0.071296
