2 0.023698 0.106481 0.036979 0.120370
2 0.028125 0.657870 0.056250 0.139815
2 0.126042 0.749074 0.060417 0.172222
2 0.080208 0.734722 0.025000 0.125000
2 0.219271 0.197222 0.089583 0.072222
2 0.195573 0.606944 0.086979 0.080556
1 0.471354 0.118981 0.061458 0.099074
1 0.519010 0.229167 0.082812 0.086111
1 0.440625 0.339815 0.084375 0.101852
1 0.510938 0.449537 0.092708 0.075000
1 0.407292 0.457870 0.101042 0.069444
1 0.472396 0.575000 0.065625 0.114815
1 0.517708 0.748611 0.102083 0.080556
1 0.417969 0.719444 0.085938 0.055556
1 0.403125 0.780556 0.086458 0.077778
5 0.275781 0.337963 0.077604 0.159259
6 0.645573 0.527778 0.055729 0.155556
6 0.576562 0.712500 0.052083 0.134259
2 0.120573 0.073611 0.047396 0.125000
4 0.113021 0.192593 0.060417 0.066667
3 0.357031 0.896759 0.080729 0.126852
5 0.343750 0.349537 0.086458 0.104630
