6 0.201042 0.411111 0.041667 0.159259
6 0.262500 0.905093 0.027083 0.189815
6 0.576562 0.704167 0.056250 0.150926
6 0.520833 0.744444 0.089583 0.127778
2 0.015625 0.732870 0.031250 0.239815
2 0.039844 0.703704 0.051562 0.216667
2 0.085677 0.741204 0.040104 0.130556
2 0.126042 0.736574 0.062500 0.165741
3 0.349219 0.891667 0.067187 0.185185
1 0.519271 0.224074 0.096875 0.092593
1 0.435417 0.341204 0.084375 0.091667
1 0.511719 0.451852 0.109896 0.064815
1 0.468229 0.568981 0.073958 0.119444
1 0.421875 0.728241 0.071875 0.080556
1 0.398698 0.786574 0.092188 0.075000
5 0.272656 0.344907 0.065104 0.156481
5 0.337240 0.345833 0.090104 0.097222
2 0.016146 0.140278 0.032292 0.195370
2 0.120573 0.068056 0.045312 0.136111
2 0.061458 0.080556 0.052083 0.150000
4 0.113021 0.187963 0.060417 0.068519
