2 0.207292 0.103704 0.091667 0.061111
2 0.212500 0.201389 0.125000 0.091667
2 0.196615 0.607407 0.086979 0.092593
2 0.015625 0.152315 0.029167 0.189815
2 0.049740 0.079167 0.047396 0.147222
2 0.117969 0.058333 0.068229 0.116667
2 0.012500 0.684722 0.025000 0.150926
2 0.038281 0.665741 0.044271 0.131481
2 0.040885 0.764352 0.049479 0.095370
2 0.084635 0.735648 0.024479 0.123148
2 0.119010 0.725926 0.046354 0.157407
5 0.334115 0.349074 0.067187 0.111111
3 0.337500 0.883333 0.062500 0.175926
1 0.385937 0.789352 0.096875 0.091667
1 0.412240 0.728704 0.082812 0.066667
1 0.477865 0.591204 0.084896 0.089815
1 0.514062 0.450000 0.101042 0.057407
1 0.524479 0.228241 0.093750 0.076852
1 0.458073 0.110185 0.081771 0.094444
1 0.430990 0.355556 0.083854 0.098148
1 0.428385 0.932870 0.074479 0.119444
6 0.521615 0.747222 0.099479 0.114815
6 0.563021 0.692593 0.061458 0.166667
6 0.202083 0.409259 0.051042 0.170370
