5 0.321615 0.197222 0.058854 0.161111
5 0.342448 0.547685 0.075521 0.130556
5 0.271354 0.526389 0.066667 0.137963
5 0.264062 0.231019 0.062500 0.097222
5 0.248698 0.105093 0.047396 0.091667
6 0.184896 0.382407 0.065625 0.170370
6 0.270313 0.791204 0.058333 0.126852
6 0.599740 0.899537 0.050521 0.128704
6 0.098437 0.359259 0.091667 0.074074
3 0.532031 0.258333 0.048438 0.229630
6 0.270313 0.704167 0.064583 0.067593
2 0.038802 0.662963 0.053646 0.172222
2 0.089844 0.720370 0.040104 0.153704
2 0.030990 0.086111 0.047396 0.129630
2 0.124479 0.055556 0.045833 0.111111
5 0.128125 0.205093 0.064583 0.073148
1 0.446615 0.240278 0.089063 0.086111
1 0.425781 0.431019 0.049479 0.152778
1 0.485937 0.510648 0.088542 0.097222
1 0.410417 0.680093 0.086458 0.076852
1 0.396615 0.794907 0.079687 0.073148
1 0.389323 0.916667 0.110937 0.087037
0 0.717708 0.481944 0.098958 0.143519
0 0.665625 0.522685 0.121875 0.076852
0 0.656250 0.620833 0.127083 0.123148
4 0.477344 0.826389 0.085938 0.097222
5 0.337760 0.848611 0.056771 0.115741
