0 0.693750 0.475000 0.090625 0.118519
0 0.648698 0.623611 0.109896 0.089815
5 0.269010 0.538426 0.078646 0.156481
5 0.334115 0.552315 0.079687 0.132407
5 0.260677 0.231019 0.075521 0.100926
5 0.335677 0.847685 0.058854 0.104630
3 0.528646 0.247222 0.061458 0.272222
1 0.504427 0.518056 0.107812 0.093519
1 0.408854 0.681019 0.091667 0.086111
1 0.397656 0.800000 0.073438 0.101852
1 0.451042 0.242130 0.087500 0.093519
5 0.317708 0.200926 0.058333 0.153704
4 0.127604 0.206019 0.065625 0.078704
6 0.192708 0.392593 0.064583 0.103704
6 0.590625 0.871759 0.054167 0.156481
6 0.587760 0.488426 0.056771 0.184259
2 0.032292 0.649537 0.058333 0.180556
2 0.088542 0.727778 0.058333 0.179630
2 0.028385 0.127315 0.046354 0.189815
2 0.121615 0.059259 0.041146 0.114815
6 0.087760 0.343056 0.074479 0.123148
6 0.333594 0.339352 0.098437 0.084259
5 0.253646 0.108796 0.055208 0.080556
