6 0.650781 0.260648 0.083854 0.141667
6 0.636198 0.605556 0.082812 0.114815
6 0.643490 0.831481 0.049479 0.175926
0 0.682031 0.472222 0.073438 0.185185
0 0.672396 0.935648 0.052083 0.128704
6 0.562500 0.728241 0.105208 0.091667
4 0.476823 0.810185 0.056771 0.175926
3 0.432292 0.575463 0.060417 0.128704
1 0.427865 0.467130 0.073438 0.091667
1 0.509635 0.451389 0.088021 0.075000
1 0.433854 0.353241 0.093750 0.089815
1 0.512240 0.321759 0.082812 0.091667
1 0.446094 0.220370 0.083854 0.068519
1 0.465365 0.126389 0.083854 0.084259
5 0.332552 0.561574 0.084896 0.145370
5 0.261458 0.343056 0.061458 0.152778
6 0.272656 0.241204 0.081771 0.099074
6 0.192969 0.932870 0.067187 0.099074
6 0.273177 0.618056 0.098437 0.128704
4 0.030729 0.672222 0.035417 0.161111
4 0.079948 0.733796 0.047396 0.145370
4 0.120573 0.714352 0.051562 0.184259
4 0.016667 0.155093 0.033333 0.160185
4 0.112500 0.067130 0.063542 0.126852
6 0.160677 0.181019 0.071354 0.071296
6 0.126042 0.355556 0.066667 0.181481
6 0.302344 0.921296 0.080729 0.129630
