2 0.021094 0.736574 0.042188 0.104630
2 0.033073 0.675463 0.050521 0.178704
2 0.078646 0.738426 0.052083 0.175000
2 0.133594 0.841204 0.047396 0.087963
2 0.125781 0.706019 0.046354 0.189815
2 0.020573 0.140278 0.041146 0.195370
2 0.118490 0.055556 0.067187 0.111111
6 0.161198 0.167593 0.084896 0.070370
6 0.093750 0.276852 0.075000 0.044444
6 0.292187 0.666204 0.092708 0.137963
6 0.301823 0.902315 0.083854 0.112037
6 0.632031 0.245833 0.074479 0.132407
6 0.604688 0.401389 0.062500 0.171296
6 0.650260 0.603241 0.066146 0.134259
6 0.544271 0.780093 0.068750 0.087963
6 0.596094 0.830093 0.075521 0.139815
6 0.730990 0.053704 0.072396 0.075926
6 0.333073 0.429167 0.103646 0.080556
5 0.337240 0.552778 0.069271 0.124074
0 0.676823 0.470370 0.079687 0.181481
6 0.659115 0.811574 0.044271 0.147222
6 0.664844 0.843056 0.083854 0.084259
6 0.683073 0.878241 0.073438 0.078704
6 0.684115 0.939815 0.071354 0.101852
4 0.478906 0.800926 0.054688 0.179630
3 0.414323 0.637037 0.054688 0.209259
1 0.447396 0.218519 0.092708 0.072222
1 0.432552 0.344907 0.086979 0.091667
1 0.518229 0.449074 0.094792 0.074074
1 0.437760 0.480556 0.077604 0.118519
1 0.492448 0.593519 0.090104 0.118519
1 0.475781 0.049074 0.044271 0.098148
