1 0.455990 0.225000 0.073438 0.101852
1 0.436458 0.345833 0.084375 0.097222
1 0.514583 0.452315 0.087500 0.080556
1 0.434896 0.475926 0.071875 0.109259
1 0.500521 0.593056 0.100000 0.132407
3 0.412760 0.657407 0.081771 0.218519
6 0.733854 0.061574 0.066667 0.087963
6 0.656771 0.802778 0.041667 0.161111
6 0.726302 0.776852 0.041146 0.159259
6 0.695052 0.878241 0.083854 0.071296
6 0.675521 0.949537 0.086458 0.086111
6 0.645312 0.602315 0.064583 0.132407
0 0.681510 0.458796 0.072396 0.158333
4 0.476302 0.808333 0.055729 0.168519
5 0.338281 0.550926 0.071354 0.120370
2 0.018229 0.727315 0.036458 0.143519
2 0.041927 0.673148 0.051562 0.181481
2 0.088802 0.733333 0.050521 0.161111
2 0.121354 0.707870 0.059375 0.167593
2 0.021094 0.123611 0.035937 0.158333
2 0.113542 0.066204 0.059375 0.121296
