1 0.450260 0.231944 0.073438 0.073148
1 0.491406 0.503241 0.092188 0.089815
1 0.403125 0.689815 0.092708 0.068519
1 0.404687 0.791204 0.081250 0.058333
1 0.395313 0.924537 0.088542 0.086111
3 0.523177 0.267130 0.064062 0.254630
0 0.713542 0.469444 0.092708 0.133333
0 0.653646 0.530556 0.126042 0.068519
0 0.659375 0.621759 0.122917 0.121296
6 0.597396 0.893056 0.057292 0.134259
6 0.414323 0.415741 0.040104 0.183333
5 0.339844 0.555556 0.072396 0.137037
5 0.271615 0.535648 0.071354 0.150926
5 0.251042 0.103241 0.054167 0.087963
5 0.266146 0.217130 0.075000 0.082407
2 0.031250 0.660185 0.042708 0.174074
2 0.084635 0.719444 0.048438 0.188889
2 0.031250 0.098611 0.050000 0.158333
2 0.121615 0.062037 0.051562 0.116667
4 0.127344 0.206019 0.075521 0.082407
6 0.100000 0.360185 0.096875 0.088889
6 0.188021 0.384259 0.061458 0.159259
6 0.071094 0.954167 0.075521 0.065741
4 0.475521 0.831481 0.093750 0.111111
5 0.337500 0.854630 0.062500 0.122222
