6 0.643750 0.251852 0.087500 0.155556
6 0.645052 0.604167 0.074479 0.132407
6 0.609375 0.428241 0.053125 0.178704
6 0.688021 0.931944 0.037500 0.113889
0 0.679427 0.476852 0.072396 0.203704
6 0.302344 0.906944 0.074479 0.139815
3 0.429948 0.568981 0.061979 0.112037
1 0.428385 0.466204 0.072396 0.078704
1 0.513021 0.450926 0.084375 0.070370
1 0.431510 0.354630 0.080729 0.096296
1 0.510156 0.312500 0.068229 0.095370
1 0.453125 0.231944 0.085417 0.073148
1 0.463281 0.137037 0.081771 0.105556
4 0.472656 0.803704 0.054688 0.166667
5 0.339062 0.551389 0.065625 0.134259
5 0.262760 0.345833 0.049479 0.150926
6 0.329167 0.422685 0.106250 0.078704
6 0.335156 0.342130 0.101562 0.071296
6 0.270573 0.233796 0.081771 0.084259
6 0.281771 0.134722 0.095833 0.078704
6 0.162760 0.400000 0.034896 0.172222
6 0.164844 0.181019 0.075521 0.093519
6 0.102865 0.268981 0.098437 0.043519
6 0.135677 0.338426 0.085938 0.132407
2 0.018750 0.713426 0.037500 0.100926
2 0.035677 0.657407 0.039062 0.172222
2 0.083073 0.746296 0.043229 0.148148
2 0.123437 0.710648 0.059375 0.187963
2 0.016667 0.120833 0.033333 0.126852
2 0.110417 0.061111 0.069792 0.111111
