4 0.483333 0.823611 0.083333 0.065741
4 0.131510 0.220370 0.057812 0.075926
3 0.532031 0.264352 0.046354 0.252778
1 0.454427 0.240741 0.108854 0.062963
1 0.504687 0.506019 0.100000 0.095370
1 0.417448 0.675926 0.106771 0.061111
1 0.411198 0.793981 0.084896 0.075000
5 0.341146 0.853704 0.063542 0.120370
2 0.032292 0.656019 0.042708 0.175000
2 0.096354 0.733796 0.061458 0.184259
2 0.037760 0.092130 0.057812 0.152778
2 0.123958 0.059259 0.054167 0.100000
5 0.248438 0.095833 0.051042 0.084259
5 0.262500 0.225926 0.061458 0.096296
5 0.265104 0.543056 0.075000 0.162037
5 0.333333 0.552315 0.063542 0.143519
5 0.319531 0.203241 0.060937 0.156481
6 0.605208 0.913889 0.055208 0.153704
6 0.271615 0.788426 0.067187 0.132407
0 0.710677 0.468981 0.091146 0.137963
0 0.663802 0.521759 0.118229 0.089815
0 0.656250 0.628704 0.110417 0.103704
6 0.177344 0.335648 0.046354 0.195370
