2 0.124479 0.064352 0.048958 0.128704
2 0.032292 0.096759 0.052083 0.162037
2 0.039323 0.634259 0.038021 0.157407
2 0.027344 0.729167 0.054688 0.139815
2 0.086198 0.743056 0.039062 0.149074
2 0.122135 0.727778 0.046354 0.183333
5 0.340104 0.554630 0.063542 0.131481
3 0.412240 0.655093 0.066146 0.245370
1 0.506510 0.445370 0.069271 0.074074
1 0.446094 0.219907 0.085938 0.087963
1 0.470312 0.055556 0.051042 0.111111
1 0.406771 0.842130 0.071875 0.100926
1 0.436458 0.350000 0.086458 0.105556
0 0.682552 0.458796 0.084896 0.154630
0 0.736198 0.753241 0.045312 0.191667
6 0.658073 0.818056 0.050521 0.176852
1 0.434115 0.492130 0.075521 0.130556
5 0.340104 0.342130 0.085417 0.086111
6 0.729167 0.054630 0.059375 0.070370
