6 0.189583 0.387500 0.060417 0.136111
6 0.087500 0.348611 0.090625 0.102778
6 0.598437 0.893056 0.057292 0.141667
6 0.597135 0.459259 0.083854 0.166667
5 0.267969 0.537963 0.078646 0.164815
5 0.334635 0.549537 0.080729 0.134259
5 0.253646 0.106019 0.055208 0.086111
5 0.261458 0.223611 0.061458 0.086111
5 0.338542 0.852315 0.064583 0.130556
5 0.320573 0.202315 0.052604 0.154630
3 0.530729 0.266204 0.071875 0.263889
2 0.028906 0.112963 0.049479 0.175926
2 0.035417 0.654167 0.062500 0.189815
2 0.086719 0.727778 0.056771 0.175926
0 0.698438 0.465741 0.092708 0.114815
0 0.657813 0.615741 0.115625 0.094444
1 0.396615 0.791204 0.079687 0.080556
4 0.478646 0.820833 0.094792 0.117593
1 0.498437 0.510648 0.102083 0.078704
1 0.444531 0.237500 0.096354 0.076852
4 0.132552 0.215278 0.065104 0.078704
1 0.399219 0.688426 0.091146 0.075000
