0 0.738802 0.438889 0.040104 0.218519
0 0.656510 0.515278 0.109896 0.069444
0 0.672917 0.603704 0.093750 0.114815
0 0.692187 0.730093 0.095833 0.149074
6 0.519531 0.831944 0.049479 0.193519
2 0.033854 0.651389 0.039583 0.173148
2 0.013542 0.125463 0.027083 0.117593
2 0.065104 0.084722 0.039583 0.141667
2 0.120052 0.062500 0.050521 0.125000
6 0.200000 0.178241 0.037500 0.134259
6 0.087240 0.724074 0.043229 0.175926
3 0.513021 0.247222 0.058333 0.240741
3 0.269792 0.221296 0.061458 0.087037
4 0.138542 0.179630 0.065625 0.057407
1 0.442708 0.495370 0.058333 0.170370
