3 0.715104 0.365278 0.057292 0.297222
6 0.653125 0.257407 0.060417 0.101852
6 0.640104 0.787963 0.064583 0.159259
0 0.674219 0.700000 0.113021 0.098148
1 0.527604 0.184259 0.097917 0.107407
1 0.507552 0.376389 0.097396 0.086111
1 0.433333 0.600926 0.056250 0.162963
5 0.355208 0.359259 0.069792 0.131481
5 0.297917 0.354630 0.055208 0.118519
2 0.223177 0.439815 0.109896 0.098148
2 0.122135 0.059259 0.044271 0.118519
2 0.034896 0.648148 0.035417 0.166667
2 0.067187 0.738426 0.097917 0.093519
1 0.469271 0.445370 0.089583 0.109259
1 0.434635 0.282870 0.078646 0.082407
5 0.370833 0.109259 0.060417 0.129630
6 0.163021 0.147685 0.029167 0.126852
6 0.162240 0.354630 0.102604 0.068519
6 0.054948 0.349537 0.065104 0.097222
6 0.441406 0.907870 0.078646 0.130556
5 0.078125 0.967593 0.043750 0.064815
6 0.526563 0.776852 0.057292 0.174074
5 0.338542 0.637037 0.088542 0.131481
