0 0.740365 0.436111 0.045312 0.216667
0 0.662760 0.517130 0.118229 0.065741
0 0.670312 0.610185 0.098958 0.116667
3 0.518490 0.256481 0.079687 0.225926
2 0.037240 0.651389 0.054688 0.169444
2 0.022135 0.094907 0.035937 0.143519
2 0.092188 0.722222 0.055208 0.183333
2 0.124479 0.054630 0.045833 0.109259
6 0.059115 0.232407 0.081771 0.055556
4 0.136979 0.194444 0.064583 0.059259
6 0.201042 0.180093 0.041667 0.137963
6 0.022656 0.919907 0.034896 0.141667
6 0.611979 0.878704 0.084375 0.109259
1 0.439583 0.503704 0.054167 0.179630
1 0.482292 0.514352 0.059375 0.171296
1 0.479687 0.207870 0.056250 0.165741
6 0.377083 0.614815 0.072917 0.179630
