0 0.741927 0.437500 0.040104 0.204630
0 0.699219 0.456019 0.077604 0.134259
0 0.656250 0.516204 0.105208 0.067593
0 0.671875 0.612500 0.126042 0.136111
1 0.439062 0.515278 0.051042 0.156481
1 0.488802 0.512037 0.054688 0.166667
1 0.430469 0.659259 0.066146 0.100000
1 0.478385 0.225000 0.045312 0.162963
3 0.535937 0.206944 0.057292 0.173148
6 0.622917 0.244444 0.101042 0.109259
6 0.618490 0.887963 0.067187 0.105556
2 0.033594 0.665741 0.045312 0.166667
2 0.019531 0.137037 0.039062 0.159259
2 0.120573 0.068981 0.055729 0.126852
2 0.091667 0.715278 0.054167 0.204630
6 0.197656 0.186574 0.040104 0.150926
6 0.408854 0.139815 0.095833 0.114815
5 0.188542 0.902315 0.084375 0.102778
1 0.476302 0.691667 0.073438 0.187037
