0 0.745573 0.450463 0.051562 0.195370
0 0.665365 0.514352 0.119271 0.067593
0 0.669010 0.617130 0.107812 0.126852
1 0.436198 0.504630 0.045312 0.170370
1 0.439583 0.664815 0.070833 0.125926
3 0.525781 0.251852 0.069271 0.238889
6 0.622396 0.882407 0.100000 0.116667
6 0.051562 0.238426 0.090625 0.050926
6 0.199219 0.177315 0.039062 0.117593
2 0.028125 0.134259 0.021875 0.153704
2 0.063021 0.093981 0.041667 0.152778
2 0.126042 0.061111 0.062500 0.118519
2 0.039323 0.660648 0.048438 0.184259
2 0.087760 0.718056 0.044271 0.202778
5 0.190104 0.901389 0.085417 0.104630
