3 0.534115 0.266204 0.052604 0.241667
1 0.451562 0.249074 0.094792 0.085185
1 0.494010 0.523148 0.089063 0.111111
1 0.411458 0.676389 0.098958 0.080556
1 0.421875 0.421296 0.063542 0.157407
1 0.412240 0.789352 0.084896 0.087963
0 0.710677 0.472685 0.086979 0.139815
0 0.665885 0.525926 0.116146 0.070370
0 0.658333 0.633333 0.103125 0.112963
5 0.335677 0.846759 0.060937 0.110185
5 0.265104 0.537500 0.075000 0.154630
5 0.330990 0.551389 0.075521 0.134259
5 0.320052 0.200463 0.051562 0.132407
5 0.269531 0.217593 0.051562 0.094444
5 0.254167 0.097685 0.066667 0.069444
4 0.471875 0.828241 0.090625 0.082407
4 0.130208 0.214352 0.064583 0.080556
2 0.035677 0.652315 0.045312 0.186111
2 0.084375 0.714352 0.059375 0.180556
2 0.055990 0.080093 0.049479 0.141667
2 0.121615 0.056481 0.047396 0.112963
6 0.182031 0.304630 0.036979 0.179630
6 0.266146 0.705093 0.064583 0.076852
6 0.274219 0.925463 0.070312 0.149074
6 0.505208 0.928241 0.120833 0.093519
