0 0.743490 0.441667 0.055729 0.220370
0 0.657292 0.518981 0.127083 0.065741
0 0.669271 0.607407 0.120833 0.129630
6 0.614062 0.882407 0.088542 0.109259
3 0.521875 0.247222 0.061458 0.222222
1 0.470833 0.235648 0.060417 0.169444
1 0.439844 0.500926 0.049479 0.166667
1 0.429948 0.675000 0.069271 0.159259
6 0.050521 0.238889 0.088542 0.059259
4 0.137500 0.196296 0.057292 0.062963
2 0.031771 0.662500 0.043750 0.195370
2 0.085156 0.719444 0.053646 0.188889
5 0.192188 0.906944 0.091667 0.089815
6 0.202604 0.181019 0.032292 0.143519
6 0.478906 0.698148 0.048438 0.201852
