6 0.609896 0.890741 0.075000 0.122222
6 0.611458 0.259722 0.119792 0.086111
6 0.226823 0.428241 0.104688 0.075000
6 0.197396 0.177315 0.030208 0.117593
6 0.048438 0.243519 0.090625 0.050000
6 0.198698 0.914815 0.076563 0.112963
2 0.033594 0.664815 0.045312 0.183333
2 0.089323 0.721296 0.047396 0.201852
2 0.058073 0.087037 0.039062 0.174074
2 0.126562 0.058333 0.055208 0.109259
4 0.140104 0.192593 0.050000 0.066667
1 0.473958 0.217130 0.058333 0.136111
3 0.527344 0.225926 0.050521 0.203704
1 0.442448 0.513426 0.046354 0.169444
1 0.485937 0.691667 0.060417 0.161111
0 0.729948 0.438426 0.038021 0.199074
0 0.659635 0.515278 0.107812 0.058333
0 0.664323 0.609259 0.102604 0.133333
0 0.696094 0.457870 0.071354 0.137963
