6 0.322656 0.198611 0.052604 0.139815
4 0.140625 0.178241 0.071875 0.062037
2 0.123958 0.052778 0.052083 0.101852
2 0.070573 0.079167 0.048438 0.136111
2 0.018750 0.094444 0.035417 0.109259
2 0.038281 0.650463 0.054688 0.178704
2 0.085156 0.715741 0.049479 0.166667
3 0.521354 0.236574 0.062500 0.175000
1 0.441667 0.498148 0.056250 0.157407
6 0.507031 0.769444 0.068229 0.174074
0 0.741146 0.441204 0.032292 0.197222
0 0.657292 0.512963 0.105208 0.053704
0 0.665625 0.610185 0.093750 0.109259
6 0.023177 0.940741 0.033854 0.100000
