2 0.433333 0.127778 0.068750 0.116667
6 0.754167 0.210648 0.096875 0.106481
1 0.526302 0.362037 0.104688 0.075926
1 0.427083 0.413889 0.095833 0.107407
6 0.343750 0.618981 0.047917 0.184259
0 0.686979 0.465278 0.091667 0.149074
6 0.815885 0.789352 0.045312 0.149074
6 0.468750 0.786574 0.044792 0.182407
2 0.234896 0.114815 0.098958 0.114815
2 0.140104 0.088889 0.044792 0.177778
2 0.087240 0.092130 0.034896 0.130556
2 0.014583 0.150463 0.027083 0.182407
2 0.043229 0.137963 0.028125 0.175926
2 0.022135 0.551852 0.044271 0.225926
2 0.037760 0.640741 0.053646 0.212963
2 0.091667 0.729630 0.052083 0.157407
2 0.146615 0.719444 0.053646 0.174074
6 0.610417 0.693519 0.091667 0.125926
