2 0.013021 0.163889 0.026042 0.188889
2 0.040365 0.144444 0.035937 0.181481
2 0.074740 0.094907 0.052604 0.158333
2 0.130469 0.092130 0.043229 0.184259
2 0.021094 0.551852 0.042188 0.225926
2 0.017708 0.713426 0.035417 0.125000
2 0.037240 0.643056 0.054688 0.200926
2 0.094271 0.725000 0.063542 0.155556
2 0.151302 0.709722 0.056771 0.193519
2 0.234375 0.120833 0.095833 0.087963
6 0.738281 0.186111 0.103646 0.111111
6 0.662240 0.334259 0.074479 0.192593
0 0.669271 0.593056 0.103125 0.139815
6 0.720313 0.803704 0.063542 0.094444
6 0.811458 0.793056 0.050000 0.149074
3 0.444271 0.142593 0.063542 0.112963
1 0.520052 0.350463 0.115104 0.095370
1 0.445573 0.445370 0.052604 0.162963
1 0.413281 0.768056 0.082812 0.119444
6 0.346354 0.601852 0.059375 0.157407
