6 0.691667 0.776852 0.098958 0.124074
6 0.815365 0.794907 0.042188 0.149074
6 0.745833 0.187963 0.094792 0.103704
1 0.517188 0.354167 0.098958 0.084259
1 0.425781 0.417593 0.101562 0.118519
1 0.412760 0.770370 0.079687 0.100000
6 0.347656 0.600000 0.050521 0.168519
3 0.442188 0.129630 0.059375 0.112963
2 0.149740 0.719444 0.049479 0.185185
2 0.097656 0.740741 0.040104 0.162963
2 0.020573 0.553704 0.041146 0.211111
2 0.011979 0.713889 0.023958 0.120370
2 0.043490 0.674074 0.042188 0.153704
2 0.048438 0.710185 0.054167 0.162963
6 0.628385 0.441667 0.053646 0.224074
2 0.227344 0.121759 0.097396 0.086111
2 0.135937 0.090278 0.036458 0.180556
2 0.085677 0.109259 0.031771 0.190741
2 0.039323 0.128241 0.030729 0.180556
2 0.011979 0.155093 0.023958 0.230556
