3 0.441667 0.137037 0.068750 0.124074
1 0.522656 0.347685 0.101562 0.063889
1 0.451042 0.450000 0.055208 0.175926
1 0.419271 0.787963 0.060417 0.162963
6 0.745313 0.179167 0.093750 0.113889
6 0.733333 0.812500 0.087500 0.076852
6 0.815625 0.800000 0.054167 0.155556
6 0.339844 0.612037 0.074479 0.166667
6 0.234375 0.117593 0.109375 0.116667
2 0.016146 0.159722 0.032292 0.204630
2 0.040365 0.137963 0.035937 0.179630
2 0.065625 0.111111 0.036458 0.146296
2 0.133594 0.087963 0.043229 0.168519
2 0.091406 0.087963 0.045312 0.161111
2 0.014583 0.546296 0.029167 0.222222
2 0.042448 0.662037 0.042188 0.224074
2 0.095052 0.736574 0.049479 0.162037
2 0.151823 0.713889 0.045312 0.170370
0 0.674219 0.597685 0.108854 0.145370
6 0.662240 0.301852 0.070312 0.174074
