6 0.751563 0.204630 0.100000 0.118519
6 0.468229 0.781481 0.031250 0.164815
6 0.813542 0.796759 0.044792 0.149074
3 0.438021 0.121759 0.089583 0.132407
1 0.426563 0.412500 0.088542 0.086111
1 0.532813 0.367593 0.117708 0.096296
1 0.596615 0.664815 0.076563 0.125926
0 0.693229 0.471296 0.097917 0.150000
6 0.346875 0.619444 0.058333 0.177778
2 0.231250 0.117593 0.102083 0.112963
2 0.136719 0.081481 0.039062 0.162963
2 0.082292 0.106944 0.037500 0.191667
2 0.042708 0.138889 0.025000 0.166667
2 0.016667 0.156019 0.029167 0.212037
2 0.021615 0.554630 0.043229 0.231481
2 0.015625 0.723148 0.031250 0.120370
2 0.041927 0.649074 0.039062 0.229630
2 0.096354 0.731481 0.053125 0.164815
2 0.147135 0.712500 0.048438 0.191667
