6 0.819010 0.802315 0.057812 0.145370
6 0.745833 0.208796 0.094792 0.110185
6 0.639583 0.717593 0.089583 0.098148
1 0.521094 0.356944 0.104688 0.075000
1 0.420312 0.416667 0.092708 0.105556
6 0.464323 0.782407 0.043229 0.159259
6 0.346354 0.614815 0.041667 0.175926
3 0.441927 0.131481 0.075521 0.112963
2 0.148177 0.718519 0.044271 0.183333
2 0.097656 0.741667 0.052604 0.168519
2 0.020573 0.556481 0.041146 0.205556
2 0.014063 0.723148 0.028125 0.101852
2 0.047396 0.666667 0.060417 0.161111
2 0.052344 0.732870 0.048438 0.117593
2 0.011979 0.157870 0.023958 0.200926
2 0.038802 0.144907 0.034896 0.193519
2 0.068490 0.090741 0.044271 0.120370
2 0.077083 0.176389 0.043750 0.080556
2 0.131510 0.075463 0.047396 0.150926
2 0.220052 0.118981 0.077604 0.087963
0 0.677083 0.468056 0.065625 0.186111
