0 0.676302 0.598611 0.104688 0.125000
6 0.816406 0.797685 0.040104 0.154630
6 0.736719 0.810648 0.076563 0.084259
3 0.442448 0.138889 0.068229 0.120370
1 0.525260 0.354167 0.104688 0.080556
1 0.448177 0.447222 0.049479 0.162963
1 0.429427 0.749074 0.050521 0.146296
6 0.472656 0.779630 0.050521 0.168519
6 0.343750 0.618981 0.068750 0.152778
2 0.149740 0.724074 0.051562 0.183333
2 0.097917 0.742593 0.068750 0.177778
2 0.028646 0.518056 0.053125 0.182407
2 0.025781 0.629630 0.051562 0.109259
2 0.016146 0.723148 0.028125 0.112963
2 0.040625 0.689352 0.059375 0.202778
2 0.233333 0.124537 0.104167 0.123148
2 0.015625 0.167593 0.031250 0.188889
2 0.042188 0.134722 0.032292 0.189815
2 0.076563 0.101389 0.042708 0.149074
2 0.130469 0.087037 0.039062 0.174074
