6 0.745313 0.200926 0.091667 0.096296
6 0.815104 0.793056 0.057292 0.130556
0 0.679948 0.503704 0.045312 0.203704
1 0.410156 0.788426 0.074479 0.104630
1 0.467187 0.780556 0.053125 0.162963
1 0.423437 0.418519 0.088542 0.109259
1 0.526823 0.357870 0.114062 0.076852
2 0.445573 0.126389 0.064062 0.119444
2 0.515104 0.069907 0.068750 0.097222
6 0.347396 0.598148 0.059375 0.164815
2 0.150781 0.723148 0.043229 0.162963
2 0.094792 0.734722 0.040625 0.139815
2 0.052344 0.674537 0.048438 0.141667
2 0.037760 0.742593 0.045312 0.105556
2 0.028646 0.563426 0.053125 0.256481
2 0.230990 0.121759 0.102604 0.089815
2 0.016146 0.159722 0.032292 0.204630
2 0.042188 0.140741 0.032292 0.185185
2 0.079167 0.095370 0.039583 0.164815
2 0.136979 0.077778 0.054167 0.155556
6 0.631771 0.505556 0.033333 0.211111
6 0.655729 0.749074 0.089583 0.122222
