6 0.739844 0.187963 0.102604 0.118519
6 0.641927 0.408333 0.080729 0.168519
0 0.671354 0.581481 0.080208 0.148148
6 0.817448 0.796759 0.046354 0.145370
6 0.703646 0.803704 0.080208 0.077778
1 0.411719 0.770370 0.079687 0.114815
6 0.468229 0.779630 0.033333 0.168519
6 0.517188 0.350000 0.105208 0.059259
3 0.443490 0.133333 0.076563 0.109259
2 0.231510 0.118981 0.105729 0.130556
2 0.148698 0.724074 0.047396 0.175926
2 0.093750 0.740278 0.050000 0.136111
2 0.019531 0.552778 0.039062 0.216667
2 0.018750 0.715741 0.037500 0.109259
2 0.048958 0.685185 0.055208 0.166667
6 0.346094 0.598611 0.045312 0.147222
2 0.014063 0.183796 0.028125 0.141667
2 0.037760 0.137500 0.034896 0.191667
2 0.070052 0.098611 0.034896 0.139815
2 0.096354 0.078704 0.035417 0.125926
2 0.080208 0.159259 0.041667 0.100000
2 0.134635 0.087037 0.036979 0.174074
