6 0.740885 0.185648 0.104688 0.099074
6 0.651042 0.375463 0.092708 0.141667
2 0.519010 0.349537 0.104688 0.082407
2 0.436979 0.424537 0.067708 0.150926
3 0.431510 0.126389 0.070312 0.119444
6 0.341667 0.608333 0.062500 0.162963
1 0.415885 0.767130 0.071354 0.097222
6 0.474479 0.780556 0.035417 0.155556
0 0.675260 0.595833 0.106771 0.149074
6 0.819531 0.797685 0.060937 0.150926
6 0.716406 0.815278 0.081771 0.089815
2 0.234896 0.121759 0.105208 0.136111
2 0.144271 0.713889 0.060417 0.177778
2 0.093490 0.744444 0.047396 0.166667
2 0.021094 0.539352 0.042188 0.236111
2 0.015104 0.727778 0.030208 0.114815
2 0.043490 0.641667 0.050521 0.244444
2 0.021615 0.168519 0.043229 0.207407
2 0.044271 0.150926 0.052083 0.168519
2 0.081771 0.111111 0.054167 0.179630
2 0.134115 0.087963 0.042188 0.175926
