3 0.441667 0.124537 0.064583 0.115741
1 0.418490 0.387037 0.113021 0.096296
1 0.461458 0.559259 0.062500 0.153704
6 0.467708 0.784259 0.038542 0.166667
6 0.402344 0.846759 0.082812 0.091667
6 0.657031 0.297222 0.046354 0.157407
6 0.634115 0.757407 0.082812 0.105556
0 0.662240 0.593056 0.115104 0.082407
2 0.011979 0.187037 0.023958 0.120370
2 0.013021 0.093981 0.021875 0.102778
2 0.036198 0.137037 0.042188 0.170370
2 0.077604 0.088889 0.054167 0.155556
2 0.135156 0.093056 0.048438 0.186111
2 0.011198 0.562037 0.018229 0.209259
2 0.048177 0.628241 0.048438 0.237963
2 0.015104 0.718519 0.030208 0.122222
2 0.099219 0.746759 0.053646 0.141667
2 0.143490 0.725000 0.049479 0.170370
2 0.239583 0.110185 0.091667 0.109259
6 0.204167 0.213426 0.057292 0.121296
