6 0.688021 0.190278 0.067708 0.132407
0 0.672917 0.604167 0.106250 0.128704
0 0.741667 0.816204 0.061458 0.099074
0 0.813542 0.803704 0.054167 0.144444
3 0.436458 0.116667 0.056250 0.100000
1 0.516667 0.348611 0.104167 0.087963
1 0.449740 0.455556 0.052604 0.161111
1 0.426823 0.706019 0.077604 0.143519
1 0.478385 0.779630 0.043229 0.179630
6 0.338802 0.620833 0.056771 0.202778
2 0.014583 0.156019 0.029167 0.208333
2 0.042708 0.143056 0.031250 0.200926
2 0.079427 0.099537 0.044271 0.152778
2 0.138542 0.088889 0.053125 0.177778
2 0.231771 0.125926 0.096875 0.109259
2 0.023698 0.538426 0.047396 0.199074
2 0.036979 0.663889 0.061458 0.205556
2 0.098177 0.736574 0.053646 0.154630
2 0.144531 0.714815 0.051562 0.161111
