6 0.398177 0.835648 0.082812 0.084259
6 0.658594 0.293981 0.043229 0.154630
1 0.474219 0.550463 0.083854 0.089815
3 0.440365 0.126389 0.052604 0.106481
3 0.654687 0.587037 0.115625 0.090741
2 0.235937 0.106481 0.103125 0.109259
2 0.137500 0.084259 0.037500 0.157407
2 0.092708 0.091667 0.034375 0.157407
2 0.017188 0.156944 0.030208 0.206481
2 0.038281 0.129167 0.026562 0.197222
2 0.012760 0.566204 0.021354 0.200926
2 0.040885 0.627778 0.053646 0.227778
2 0.088802 0.726852 0.068229 0.170370
2 0.144792 0.718519 0.057292 0.168519
