0 0.662240 0.599537 0.110937 0.091667
6 0.654167 0.301852 0.042708 0.166667
6 0.465365 0.772222 0.047396 0.150000
6 0.634115 0.746296 0.080729 0.112963
6 0.394531 0.849537 0.081771 0.086111
1 0.471875 0.567130 0.070833 0.137963
3 0.438021 0.132407 0.065625 0.118519
2 0.225260 0.115741 0.071354 0.105556
2 0.013021 0.196296 0.026042 0.124074
2 0.037500 0.153241 0.030208 0.169444
2 0.013281 0.093056 0.020313 0.097222
2 0.071615 0.135185 0.046354 0.170370
2 0.100260 0.087963 0.039062 0.164815
2 0.136719 0.080556 0.041146 0.161111
2 0.011979 0.562963 0.023958 0.222222
2 0.047135 0.625463 0.046354 0.250926
2 0.017708 0.723148 0.035417 0.124074
2 0.097396 0.738889 0.055208 0.166667
2 0.152344 0.720370 0.044271 0.183333
