6 0.659115 0.253704 0.078646 0.120370
6 0.533854 0.725926 0.091667 0.125926
6 0.489844 0.811574 0.086979 0.071296
6 0.303385 0.835185 0.072396 0.103704
3 0.509896 0.437037 0.060417 0.218519
1 0.426042 0.223611 0.097917 0.086111
1 0.500000 0.191667 0.040625 0.125926
1 0.452604 0.109259 0.096875 0.088889
1 0.432031 0.885648 0.041146 0.132407
0 0.662760 0.666667 0.103646 0.114815
2 0.234896 0.111111 0.116667 0.057407
2 0.139583 0.085185 0.039583 0.166667
2 0.093750 0.103241 0.054167 0.180556
2 0.048438 0.137963 0.028125 0.187037
2 0.019271 0.149537 0.034375 0.202778
2 0.019271 0.558333 0.032292 0.227778
2 0.049479 0.625463 0.040625 0.232407
2 0.016667 0.727778 0.033333 0.122222
2 0.098177 0.730093 0.047396 0.149074
2 0.141667 0.721296 0.051042 0.162963
6 0.274219 0.218519 0.038021 0.146296
