6 0.654167 0.255556 0.084375 0.124074
6 0.303385 0.837037 0.066146 0.100000
6 0.536719 0.727315 0.099479 0.132407
6 0.278385 0.252778 0.072396 0.153704
1 0.452604 0.104630 0.075000 0.066667
1 0.430469 0.181944 0.102604 0.080556
1 0.495833 0.195370 0.060417 0.133333
3 0.516146 0.423611 0.066667 0.206481
0 0.672396 0.676389 0.112500 0.095370
2 0.235417 0.116667 0.123958 0.068519
2 0.138021 0.080556 0.038542 0.157407
2 0.089323 0.087500 0.039062 0.139815
2 0.042188 0.134259 0.032292 0.183333
2 0.017188 0.154167 0.032292 0.225000
2 0.020573 0.557407 0.041146 0.211111
2 0.051042 0.632870 0.035417 0.239815
2 0.016146 0.717593 0.032292 0.127778
2 0.094792 0.731019 0.064583 0.147222
2 0.151302 0.721296 0.050521 0.166667
1 0.426302 0.930093 0.042188 0.113889
6 0.489323 0.817130 0.111979 0.075000
