6 0.654167 0.299074 0.054167 0.179630
6 0.623437 0.718519 0.097917 0.150000
6 0.395052 0.846759 0.074479 0.076852
6 0.460156 0.775926 0.041146 0.175926
3 0.447917 0.132407 0.059375 0.122222
2 0.232031 0.112037 0.080729 0.101852
2 0.134115 0.080556 0.048438 0.161111
2 0.079687 0.111111 0.038542 0.168519
2 0.038281 0.132407 0.026562 0.168519
2 0.014063 0.155093 0.028125 0.206481
2 0.016146 0.558333 0.032292 0.201852
2 0.043490 0.618981 0.048438 0.234259
2 0.029427 0.729167 0.050521 0.136111
2 0.093229 0.729630 0.057292 0.175926
2 0.149740 0.723148 0.047396 0.192593
1 0.475781 0.547685 0.080729 0.087963
