2 0.234896 0.112037 0.092708 0.094444
2 0.139583 0.062037 0.051042 0.124074
2 0.086719 0.098148 0.035937 0.168519
2 0.042708 0.129167 0.037500 0.175000
2 0.013542 0.151389 0.027083 0.195370
2 0.012760 0.563889 0.019271 0.212963
2 0.052865 0.636111 0.045312 0.233333
2 0.024219 0.726852 0.033854 0.116667
2 0.090885 0.738426 0.050521 0.147222
2 0.144792 0.717593 0.059375 0.177778
6 0.388542 0.843981 0.069792 0.089815
6 0.465885 0.776852 0.042188 0.159259
6 0.630729 0.730556 0.093750 0.109259
1 0.478906 0.563889 0.076563 0.112963
6 0.653906 0.302778 0.045312 0.175926
3 0.447396 0.133796 0.062500 0.137963
