0 0.672396 0.599537 0.101042 0.126852
6 0.815625 0.803704 0.040625 0.159259
6 0.744010 0.819907 0.074479 0.091667
3 0.433594 0.126389 0.078646 0.126852
1 0.451302 0.454630 0.043229 0.174074
1 0.521615 0.348611 0.099479 0.102778
1 0.429427 0.731944 0.068229 0.137963
6 0.340365 0.622685 0.053646 0.187963
2 0.233333 0.128704 0.106250 0.114815
2 0.132031 0.087037 0.040104 0.174074
2 0.088281 0.092593 0.039062 0.166667
2 0.018229 0.155093 0.036458 0.213889
2 0.042969 0.133333 0.039062 0.155556
2 0.024219 0.530093 0.048438 0.193519
2 0.020833 0.704167 0.029167 0.147222
2 0.049740 0.688889 0.045312 0.174074
2 0.094271 0.728704 0.055208 0.166667
2 0.151823 0.715278 0.049479 0.186111
