6 0.687500 0.187037 0.070833 0.116667
0 0.733333 0.443519 0.059375 0.188889
0 0.676302 0.594907 0.110937 0.136111
3 0.436458 0.125463 0.052083 0.108333
1 0.516667 0.356481 0.117708 0.096296
1 0.446094 0.465741 0.041146 0.168519
1 0.423698 0.706019 0.075521 0.121296
6 0.465625 0.787963 0.054167 0.170370
6 0.341406 0.626389 0.043229 0.195370
6 0.742969 0.818056 0.064062 0.091667
6 0.810417 0.805556 0.052083 0.177778
2 0.231510 0.118519 0.103646 0.107407
2 0.142708 0.083333 0.055208 0.166667
2 0.082552 0.106481 0.040104 0.170370
2 0.015104 0.154167 0.030208 0.204630
2 0.039844 0.137963 0.036979 0.183333
2 0.020052 0.546296 0.040104 0.225926
2 0.041927 0.671759 0.053646 0.197222
2 0.092188 0.733796 0.059375 0.149074
2 0.146094 0.715741 0.046354 0.174074
6 0.250521 0.698611 0.067708 0.136111
