3 0.519531 0.431944 0.051562 0.219444
6 0.660417 0.254630 0.094792 0.125926
6 0.532813 0.730093 0.100000 0.123148
1 0.421354 0.879167 0.072917 0.099074
1 0.501563 0.198611 0.053125 0.139815
1 0.451562 0.107407 0.098958 0.068519
6 0.300521 0.828704 0.062500 0.124074
0 0.667448 0.664815 0.106771 0.114815
2 0.238542 0.116667 0.119792 0.072222
2 0.136979 0.083333 0.054167 0.166667
2 0.096094 0.108333 0.049479 0.177778
2 0.043750 0.120833 0.033333 0.141667
2 0.016146 0.151389 0.032292 0.210185
2 0.020573 0.553704 0.041146 0.218519
2 0.049740 0.627315 0.045312 0.262037
2 0.096615 0.731019 0.048438 0.150926
2 0.149740 0.721296 0.047396 0.151852
