6 0.656250 0.253704 0.086458 0.112963
6 0.271615 0.217593 0.034896 0.166667
6 0.299479 0.831481 0.066667 0.107407
3 0.514583 0.434259 0.055208 0.220370
1 0.455208 0.100463 0.100000 0.075000
1 0.501823 0.186574 0.044271 0.139815
1 0.424479 0.870370 0.060417 0.116667
2 0.234896 0.118981 0.114583 0.091667
2 0.140104 0.080556 0.042708 0.161111
2 0.098698 0.082407 0.050521 0.133333
2 0.071615 0.111111 0.042188 0.161111
2 0.038802 0.103241 0.021354 0.137963
2 0.011198 0.142130 0.022396 0.191667
2 0.018750 0.554630 0.037500 0.212963
2 0.048438 0.637963 0.042708 0.264815
2 0.091146 0.742130 0.059375 0.197222
2 0.154427 0.721296 0.050521 0.174074
0 0.667969 0.655093 0.105729 0.119444
6 0.535937 0.733796 0.095833 0.126852
