1 0.514583 0.162037 0.063542 0.185185
1 0.446094 0.275926 0.077604 0.114815
1 0.482812 0.412963 0.064583 0.116667
1 0.440885 0.477778 0.083854 0.109259
1 0.460417 0.564815 0.061458 0.118519
1 0.493490 0.660648 0.105729 0.095370
1 0.444271 0.837037 0.061458 0.129630
6 0.183333 0.308796 0.098958 0.080556
5 0.331510 0.360185 0.074479 0.146296
0 0.669271 0.488426 0.084375 0.160185
0 0.739323 0.451852 0.049479 0.172222
0 0.693750 0.716204 0.034375 0.187963
0 0.714323 0.713889 0.039062 0.170370
0 0.755990 0.713426 0.058854 0.147222
3 0.621875 0.743519 0.084375 0.125926
6 0.754948 0.172222 0.054688 0.175926
6 0.387760 0.920370 0.109896 0.127778
