0 0.737760 0.455093 0.052604 0.178704
0 0.672396 0.485648 0.107292 0.154630
0 0.691927 0.713426 0.041146 0.208333
0 0.715104 0.721296 0.022917 0.177778
0 0.756250 0.718981 0.062500 0.132407
3 0.621875 0.750000 0.086458 0.127778
6 0.748437 0.180093 0.059375 0.123148
1 0.513542 0.180093 0.067708 0.149074
1 0.459635 0.275926 0.074479 0.107407
1 0.477083 0.410185 0.061458 0.111111
1 0.466667 0.559259 0.042708 0.111111
1 0.498958 0.635648 0.088542 0.087963
1 0.442448 0.836111 0.050521 0.116667
6 0.186979 0.303704 0.104167 0.074074
5 0.325521 0.350463 0.084375 0.130556
