2 0.016146 0.146759 0.032292 0.208333
2 0.082292 0.117130 0.055208 0.187963
2 0.134115 0.082407 0.048438 0.164815
2 0.238542 0.107407 0.123958 0.057407
2 0.020052 0.555556 0.040104 0.207407
2 0.047917 0.700000 0.048958 0.177778
2 0.095312 0.751852 0.043750 0.177778
2 0.149740 0.711111 0.045312 0.164815
2 0.024740 0.713426 0.049479 0.139815
3 0.515104 0.418056 0.047917 0.191667
1 0.464323 0.102315 0.083854 0.086111
1 0.497396 0.196296 0.053125 0.124074
6 0.659896 0.254630 0.097917 0.129630
6 0.302083 0.829630 0.065625 0.103704
0 0.663802 0.665741 0.103646 0.120370
6 0.266927 0.211574 0.044271 0.154630
6 0.325260 0.159259 0.045312 0.175926
6 0.295312 0.047685 0.088542 0.069444
6 0.528906 0.707870 0.081771 0.167593
