6 0.186458 0.305093 0.105208 0.082407
0 0.748698 0.460648 0.045312 0.139815
0 0.688021 0.710648 0.020833 0.191667
0 0.711719 0.724074 0.022396 0.164815
0 0.747917 0.715741 0.058333 0.151852
6 0.771875 0.101852 0.031250 0.161111
6 0.618229 0.643519 0.126042 0.061111
3 0.646094 0.816204 0.089063 0.130556
5 0.329688 0.345370 0.072917 0.112963
1 0.512760 0.170833 0.047396 0.145370
1 0.468750 0.246296 0.064583 0.155556
1 0.480469 0.416667 0.051562 0.109259
1 0.443490 0.471296 0.056771 0.100000
1 0.464844 0.549537 0.048438 0.130556
1 0.484375 0.650463 0.079167 0.067593
1 0.444010 0.826852 0.051562 0.109259
6 0.378125 0.909259 0.092708 0.120370
6 0.238542 0.943519 0.063542 0.094444
