0 0.673438 0.481019 0.086458 0.145370
0 0.742448 0.441667 0.036979 0.159259
0 0.685937 0.714815 0.029167 0.214815
0 0.715625 0.718981 0.036458 0.193519
0 0.751042 0.706019 0.058333 0.147222
0 0.778125 0.456019 0.032292 0.115741
6 0.746094 0.185185 0.048438 0.112963
3 0.622396 0.756019 0.083333 0.150926
6 0.521094 0.811574 0.046354 0.186111
6 0.059115 0.047222 0.043229 0.051852
6 0.185156 0.303704 0.107812 0.074074
5 0.327604 0.356481 0.070833 0.114815
6 0.316406 0.557407 0.102604 0.133333
1 0.511458 0.160648 0.057292 0.191667
1 0.450260 0.283796 0.079687 0.130556
1 0.475000 0.411574 0.060417 0.134259
1 0.440625 0.481944 0.054167 0.139815
1 0.468750 0.563889 0.052083 0.101852
1 0.438542 0.837037 0.050000 0.122222
