6 0.664844 0.255093 0.103646 0.134259
6 0.300521 0.831481 0.064583 0.107407
6 0.531250 0.714815 0.096875 0.107407
3 0.524219 0.423611 0.064062 0.187963
1 0.451302 0.112963 0.079687 0.079630
1 0.495052 0.199537 0.072396 0.145370
1 0.417187 0.895370 0.068750 0.124074
0 0.669792 0.663889 0.104167 0.109259
6 0.327604 0.145370 0.030208 0.172222
2 0.237240 0.115741 0.105729 0.059259
2 0.139583 0.081481 0.033333 0.162963
2 0.092188 0.077778 0.043750 0.124074
2 0.073438 0.102315 0.036458 0.154630
2 0.046875 0.095833 0.031250 0.126852
2 0.022656 0.137963 0.045312 0.190741
2 0.019531 0.548148 0.039062 0.211111
2 0.016146 0.714352 0.030208 0.134259
2 0.043750 0.642130 0.059375 0.245370
2 0.086979 0.745833 0.063542 0.200926
2 0.147656 0.716667 0.051562 0.153704
