6 0.383073 0.910185 0.100521 0.114815
6 0.767969 0.132870 0.042188 0.182407
0 0.719792 0.725000 0.034375 0.166667
0 0.757552 0.715278 0.065104 0.136111
0 0.694010 0.718519 0.036979 0.207407
0 0.741146 0.456944 0.032292 0.182407
3 0.619271 0.734722 0.089583 0.113889
1 0.444531 0.826389 0.060937 0.132407
1 0.488281 0.661111 0.107812 0.072222
1 0.466406 0.564815 0.045312 0.118519
1 0.436979 0.496759 0.051042 0.136111
1 0.472396 0.412963 0.069792 0.116667
1 0.463802 0.235648 0.054688 0.180556
1 0.514583 0.162500 0.048958 0.187963
5 0.328646 0.359259 0.070833 0.120370
6 0.189062 0.302315 0.097917 0.087963
