3 0.516146 0.424537 0.052083 0.197222
6 0.663281 0.251852 0.076563 0.135185
6 0.689063 0.904167 0.061458 0.187963
6 0.300521 0.824537 0.058333 0.097222
1 0.496354 0.192593 0.055208 0.120370
1 0.468229 0.088426 0.087500 0.076852
2 0.233333 0.112963 0.115625 0.064815
2 0.131510 0.081481 0.036979 0.155556
2 0.092708 0.108333 0.030208 0.177778
2 0.069531 0.118981 0.033854 0.180556
2 0.042969 0.134722 0.021354 0.200926
2 0.015625 0.152778 0.029167 0.222222
2 0.021615 0.559259 0.041146 0.218519
2 0.046354 0.664815 0.042708 0.222222
2 0.091927 0.745833 0.050521 0.200926
2 0.150260 0.711574 0.050521 0.186111
1 0.451562 0.762500 0.056250 0.202778
1 0.413802 0.919444 0.075521 0.125926
