6 0.659375 0.093981 0.066667 0.145370
6 0.183854 0.304630 0.102083 0.057407
1 0.460156 0.826389 0.077604 0.075000
1 0.419792 0.664815 0.102083 0.111111
1 0.433073 0.544907 0.079687 0.082407
1 0.424740 0.348611 0.103646 0.062037
1 0.497396 0.264352 0.053125 0.110185
1 0.460156 0.167593 0.079687 0.081481
1 0.524740 0.124537 0.081771 0.180556
0 0.692969 0.473148 0.105729 0.125926
0 0.755729 0.445370 0.031250 0.177778
0 0.773177 0.699074 0.074479 0.103704
3 0.660156 0.766204 0.050521 0.271296
5 0.045312 0.922222 0.064583 0.101852
