6 0.115885 0.299537 0.074479 0.071296
6 0.227344 0.287037 0.097396 0.107407
6 0.655729 0.207407 0.067708 0.109259
6 0.377083 0.207870 0.058333 0.178704
1 0.509115 0.231019 0.089063 0.082407
1 0.471354 0.360185 0.035417 0.079630
1 0.414844 0.448148 0.090104 0.068519
1 0.504167 0.435648 0.090625 0.097222
1 0.420833 0.520833 0.106250 0.069444
1 0.406250 0.730556 0.090625 0.062963
1 0.415365 0.806481 0.054688 0.072222
3 0.617969 0.619444 0.072396 0.162963
0 0.699740 0.472222 0.080729 0.140741
0 0.734896 0.462500 0.030208 0.132407
0 0.754427 0.726852 0.047396 0.155556
0 0.689063 0.678241 0.059375 0.195370
6 0.730208 0.040278 0.067708 0.065741
