6 0.172396 0.428241 0.094792 0.097222
6 0.185938 0.307407 0.106250 0.066667
6 0.046875 0.926389 0.057292 0.121296
6 0.031250 0.863889 0.030208 0.100000
6 0.021615 0.814352 0.043229 0.099074
1 0.529167 0.129167 0.066667 0.139815
1 0.463542 0.153241 0.090625 0.091667
1 0.437500 0.234722 0.068750 0.078704
1 0.427344 0.300000 0.086979 0.098148
1 0.450000 0.362037 0.065625 0.068519
1 0.399740 0.511574 0.109896 0.095370
1 0.420312 0.652315 0.103125 0.086111
1 0.466146 0.842130 0.069792 0.136111
6 0.718229 0.293981 0.100000 0.104630
0 0.696094 0.477778 0.105729 0.127778
0 0.757031 0.446296 0.028646 0.172222
3 0.652083 0.671296 0.066667 0.151852
0 0.773698 0.702778 0.085938 0.111111
6 0.552344 0.775926 0.054688 0.179630
6 0.155208 0.907870 0.070833 0.137963
