6 0.720833 0.296759 0.101042 0.123148
0 0.695573 0.467593 0.089063 0.125926
0 0.760417 0.448148 0.035417 0.153704
3 0.655729 0.700926 0.059375 0.233333
6 0.625521 0.456944 0.055208 0.212037
6 0.775260 0.696759 0.086979 0.086111
6 0.695573 0.899074 0.094271 0.159259
6 0.545052 0.857407 0.045312 0.209259
1 0.450521 0.801852 0.056250 0.127778
1 0.419531 0.656481 0.110937 0.062963
1 0.409635 0.518981 0.105729 0.095370
1 0.459115 0.495833 0.039062 0.087963
1 0.441927 0.318519 0.073438 0.109259
1 0.445573 0.242130 0.072396 0.067593
1 0.524219 0.150463 0.080729 0.125000
6 0.217188 0.854167 0.104167 0.073148
6 0.190885 0.299537 0.109896 0.078704
6 0.186458 0.444444 0.103125 0.111111
6 0.016667 0.817130 0.033333 0.089815
6 0.023698 0.861111 0.039062 0.109259
6 0.047396 0.923148 0.040625 0.118519
