6 0.247917 0.095833 0.094792 0.073148
6 0.211719 0.459722 0.130729 0.087963
0 0.694531 0.481944 0.098437 0.132407
0 0.755469 0.437963 0.036979 0.177778
3 0.646615 0.681944 0.053646 0.195370
3 0.751042 0.697222 0.075000 0.114815
6 0.099740 0.858333 0.050521 0.118519
1 0.460677 0.182870 0.082812 0.075000
1 0.454687 0.333333 0.068750 0.122222
1 0.461198 0.480556 0.039062 0.111111
1 0.406771 0.503241 0.100000 0.086111
1 0.440625 0.634259 0.060417 0.125926
1 0.446094 0.756944 0.053646 0.141667
1 0.353385 0.223148 0.039062 0.181481
6 0.738542 0.951389 0.037500 0.097222
