0 0.699479 0.480093 0.090625 0.132407
0 0.757031 0.448611 0.038021 0.195370
0 0.774740 0.703241 0.069271 0.095370
3 0.653125 0.644444 0.054167 0.155556
1 0.515625 0.131481 0.067708 0.124074
1 0.455990 0.165741 0.077604 0.087037
1 0.449219 0.329630 0.081771 0.103704
1 0.497135 0.261574 0.046354 0.121296
1 0.406250 0.500463 0.088542 0.084259
1 0.463281 0.488426 0.051562 0.123148
1 0.417448 0.648611 0.078646 0.089815
1 0.450000 0.767593 0.061458 0.116667
6 0.028646 0.862037 0.037500 0.122222
6 0.181510 0.299537 0.086979 0.078704
6 0.198958 0.449074 0.097917 0.105556
6 0.351302 0.210185 0.032813 0.162963
