6 0.027344 0.862037 0.048438 0.088889
6 0.100260 0.851389 0.067187 0.100926
6 0.678125 0.917593 0.093750 0.118519
1 0.448437 0.779630 0.068750 0.133333
1 0.451042 0.637037 0.065625 0.116667
1 0.419792 0.524074 0.095833 0.105556
1 0.455990 0.334259 0.073438 0.144444
1 0.463281 0.169907 0.075521 0.078704
1 0.515104 0.133796 0.056250 0.130556
6 0.349740 0.200000 0.042188 0.159259
6 0.605208 0.384259 0.059375 0.205556
0 0.699479 0.466667 0.096875 0.127778
0 0.756510 0.432870 0.034896 0.176852
3 0.652865 0.685185 0.051562 0.220370
6 0.246615 0.097685 0.081771 0.123148
