1 0.453125 0.787500 0.061458 0.130556
1 0.412240 0.655093 0.108854 0.087963
1 0.408073 0.507870 0.106771 0.099074
1 0.448698 0.334259 0.072396 0.112963
1 0.499479 0.253704 0.051042 0.127778
1 0.451042 0.237500 0.061458 0.058333
1 0.528385 0.143519 0.082812 0.122222
6 0.208073 0.466204 0.099479 0.128704
6 0.188542 0.306944 0.105208 0.084259
6 0.715625 0.304630 0.103125 0.092593
6 0.616406 0.464352 0.051562 0.186111
0 0.694531 0.462500 0.091146 0.128704
0 0.760938 0.455556 0.028125 0.172222
3 0.657292 0.700926 0.058333 0.164815
6 0.190104 0.826389 0.102083 0.093519
6 0.015625 0.821759 0.027083 0.095370
6 0.024740 0.856481 0.045312 0.125926
