1 0.527344 0.135648 0.072396 0.141667
1 0.455469 0.168519 0.078646 0.079630
1 0.451562 0.246296 0.070833 0.074074
1 0.440365 0.322685 0.074479 0.104630
1 0.504948 0.257870 0.056771 0.150926
1 0.409896 0.500926 0.102083 0.074074
1 0.462240 0.479630 0.045312 0.116667
1 0.444792 0.656481 0.062500 0.112963
1 0.439583 0.761574 0.058333 0.128704
0 0.693490 0.481944 0.098437 0.136111
0 0.755469 0.437500 0.041146 0.186111
2 0.652083 0.687963 0.062500 0.237037
0 0.767188 0.708796 0.056250 0.112037
6 0.691927 0.909259 0.075521 0.159259
6 0.609375 0.412963 0.071875 0.209259
6 0.179427 0.308796 0.080729 0.084259
6 0.197135 0.446296 0.097396 0.096296
6 0.351302 0.209722 0.039062 0.171296
6 0.027083 0.860185 0.034375 0.133333
