3 0.626042 0.509259 0.107292 0.103704
0 0.741146 0.455556 0.060417 0.161111
0 0.663802 0.599537 0.118229 0.106481
0 0.738281 0.737500 0.043229 0.173148
6 0.674479 0.189815 0.088542 0.129630
6 0.553385 0.737500 0.066146 0.187963
6 0.489323 0.917593 0.039062 0.157407
6 0.273958 0.258796 0.094792 0.065741
6 0.282292 0.358796 0.094792 0.082407
6 0.776823 0.115278 0.069271 0.076852
1 0.448177 0.092130 0.099479 0.069444
1 0.497917 0.133333 0.040625 0.109259
1 0.489844 0.347685 0.052604 0.136111
1 0.458854 0.284259 0.060417 0.112963
1 0.463802 0.412037 0.106771 0.100000
1 0.506250 0.563426 0.064583 0.126852
1 0.419792 0.597685 0.089583 0.049074
1 0.429427 0.656481 0.072396 0.051852
1 0.428906 0.802778 0.095312 0.072222
1 0.395833 0.883796 0.095833 0.075000
1 0.417708 0.955093 0.069792 0.071296
