0 0.786458 0.376389 0.090625 0.113889
6 0.735417 0.291204 0.081250 0.091667
6 0.901302 0.701852 0.038021 0.124074
1 0.565104 0.544907 0.041667 0.147222
1 0.603906 0.700000 0.086979 0.070370
1 0.586198 0.846759 0.061979 0.076852
3 0.729427 0.917593 0.107812 0.092593
0 0.199740 0.429167 0.042188 0.176852
0 0.230208 0.162037 0.037500 0.151852
0 0.290885 0.241667 0.088021 0.100000
6 0.433073 0.554630 0.039062 0.192593
6 0.844792 0.540278 0.075000 0.115741
6 0.716667 0.638889 0.064583 0.188889
6 0.264583 0.975000 0.089583 0.050000
0 0.251042 0.414815 0.036458 0.144444
6 0.469792 0.157870 0.092708 0.097222
6 0.494010 0.860185 0.119271 0.061111
6 0.323698 0.584259 0.046354 0.172222
6 0.403646 0.758796 0.041667 0.187963
6 0.425521 0.678241 0.056250 0.176852
6 0.604427 0.230093 0.043229 0.199074
