0 0.732812 0.476389 0.066667 0.136111
0 0.666146 0.553704 0.096875 0.053704
0 0.682292 0.706481 0.036458 0.168519
0 0.725781 0.724537 0.064062 0.191667
5 0.592448 0.590741 0.075521 0.105556
6 0.650781 0.305556 0.045312 0.162963
6 0.627604 0.170833 0.061458 0.191667
6 0.692969 0.263889 0.041146 0.166667
1 0.399740 0.858796 0.083854 0.086111
1 0.443490 0.794907 0.084896 0.099074
1 0.392969 0.719444 0.080729 0.040741
1 0.476823 0.724074 0.058854 0.111111
1 0.428906 0.592130 0.057812 0.073148
1 0.405208 0.509722 0.092708 0.073148
1 0.471354 0.491667 0.057292 0.109259
1 0.495573 0.408796 0.077604 0.125000
1 0.473177 0.314352 0.041146 0.073148
1 0.437500 0.235648 0.109375 0.084259
1 0.446094 0.121296 0.069271 0.116667
1 0.513802 0.152315 0.109896 0.086111
