0 0.239323 0.170833 0.036979 0.130556
0 0.200781 0.435185 0.042188 0.175926
0 0.293750 0.259722 0.089583 0.082407
0 0.786719 0.368981 0.088021 0.132407
5 0.693750 0.394907 0.092708 0.095370
1 0.608333 0.585185 0.073958 0.087037
1 0.597917 0.707870 0.096875 0.093519
1 0.519531 0.778704 0.071354 0.070370
1 0.593229 0.855093 0.076042 0.078704
1 0.566927 0.533333 0.043229 0.116667
3 0.725781 0.914815 0.100521 0.087037
6 0.910937 0.710648 0.035417 0.119444
6 0.394010 0.756944 0.052604 0.184259
6 0.435937 0.581944 0.057292 0.191667
6 0.284115 0.489352 0.080729 0.121296
6 0.735417 0.604630 0.067708 0.159259
6 0.469792 0.875463 0.122917 0.091667
6 0.266667 0.740741 0.076042 0.170370
6 0.741927 0.290278 0.064062 0.117593
