2 0.025781 0.693519 0.043229 0.187037
1 0.518229 0.160648 0.101042 0.091667
1 0.490104 0.387963 0.066667 0.094444
1 0.399740 0.496759 0.105729 0.078704
1 0.480208 0.724074 0.089583 0.088889
1 0.415885 0.786574 0.055729 0.071296
6 0.105469 0.966667 0.073438 0.051852
0 0.686198 0.495833 0.111979 0.084259
0 0.734375 0.429167 0.051042 0.191667
0 0.673438 0.653241 0.066667 0.169444
6 0.787240 0.257870 0.050521 0.139815
4 0.741406 0.122685 0.049479 0.087963
4 0.801823 0.087037 0.043229 0.116667
6 0.570573 0.634259 0.082812 0.157407
6 0.223437 0.163889 0.095833 0.101852
5 0.212760 0.806481 0.056771 0.103704
0 0.707031 0.718519 0.045312 0.179630
1 0.429427 0.949074 0.060937 0.101852
6 0.238021 0.672685 0.098958 0.076852
