0 0.792448 0.371759 0.082812 0.126852
0 0.202083 0.427315 0.037500 0.176852
0 0.261719 0.400463 0.047396 0.187963
0 0.232292 0.173148 0.033333 0.177778
0 0.292187 0.243981 0.098958 0.086111
5 0.697656 0.392130 0.078646 0.078704
6 0.733333 0.586111 0.073958 0.092593
6 0.922656 0.761111 0.045312 0.166667
6 0.858333 0.779630 0.041667 0.111111
6 0.337240 0.412037 0.083854 0.064815
1 0.602865 0.587963 0.076563 0.096296
1 0.605990 0.702315 0.082812 0.071296
1 0.538802 0.795833 0.079687 0.071296
1 0.593229 0.850463 0.087500 0.087963
3 0.722656 0.898611 0.113021 0.091667
6 0.879948 0.546759 0.086979 0.075000
6 0.399740 0.237500 0.053646 0.130556
