3 0.321615 0.180093 0.110937 0.073148
0 0.209115 0.173148 0.043229 0.120370
0 0.246875 0.171296 0.036458 0.159259
0 0.188542 0.413889 0.017708 0.183333
0 0.213021 0.424074 0.029167 0.162963
0 0.233333 0.397222 0.031250 0.120370
0 0.302083 0.318056 0.095833 0.065741
0 0.297396 0.238426 0.116667 0.063889
0 0.753125 0.214352 0.064583 0.152778
0 0.504687 0.200463 0.035417 0.143519
1 0.610417 0.504630 0.073958 0.148148
1 0.560417 0.472222 0.034375 0.185185
1 0.547396 0.570833 0.070833 0.152778
1 0.537760 0.691667 0.088021 0.072222
1 0.604427 0.759722 0.083854 0.082407
1 0.549479 0.834259 0.040625 0.131481
6 0.858333 0.514352 0.067708 0.104630
6 0.807031 0.590741 0.073438 0.116667
6 0.869531 0.687963 0.055729 0.118519
6 0.844010 0.785185 0.047396 0.153704
6 0.913802 0.757870 0.043229 0.125000
6 0.718750 0.769444 0.084375 0.101852
2 0.277344 0.853241 0.080729 0.093519
0 0.848437 0.380556 0.037500 0.162963
6 0.441927 0.856481 0.077604 0.129630
0 0.807552 0.168519 0.040104 0.111111
