6 0.867969 0.685648 0.028646 0.187963
6 0.839323 0.675463 0.049479 0.182407
6 0.813021 0.740741 0.063542 0.162963
6 0.759115 0.570833 0.106771 0.099074
6 0.792448 0.511574 0.078646 0.080556
6 0.833073 0.479630 0.071354 0.120370
6 0.890104 0.462500 0.064583 0.136111
6 0.602865 0.750926 0.091146 0.079630
1 0.546354 0.585648 0.068750 0.143519
1 0.553385 0.932870 0.038021 0.102778
1 0.590365 0.484722 0.041146 0.137963
1 0.635156 0.396296 0.115104 0.053704
2 0.276823 0.852778 0.079687 0.103704
0 0.214844 0.174537 0.050521 0.126852
0 0.238542 0.168519 0.027083 0.157407
0 0.260417 0.195370 0.035417 0.150000
0 0.292708 0.243056 0.123958 0.087963
0 0.299740 0.308796 0.107812 0.076852
0 0.271615 0.403241 0.069271 0.162037
0 0.242448 0.435185 0.043229 0.175926
0 0.215365 0.429167 0.021354 0.173148
0 0.195312 0.425463 0.031250 0.180556
3 0.319531 0.174074 0.072396 0.114815
