0 0.784375 0.372685 0.092708 0.136111
0 0.206250 0.435185 0.057292 0.175926
0 0.233333 0.170370 0.035417 0.168519
0 0.283333 0.246296 0.098958 0.090741
6 0.597656 0.223148 0.050521 0.120370
6 0.400781 0.242130 0.051562 0.136111
6 0.856771 0.562500 0.060417 0.082407
6 0.748958 0.293519 0.062500 0.114815
5 0.692969 0.397685 0.077604 0.082407
6 0.851823 0.774074 0.040104 0.103704
6 0.909375 0.733796 0.032292 0.130556
3 0.717187 0.903241 0.117708 0.071296
6 0.753906 0.613889 0.076563 0.127778
6 0.711198 0.562963 0.085938 0.118519
6 0.400260 0.768981 0.048438 0.186111
6 0.457813 0.901389 0.092708 0.121296
1 0.591927 0.853241 0.080729 0.086111
1 0.525000 0.783333 0.064583 0.061111
1 0.600260 0.710648 0.085938 0.069444
1 0.569010 0.565278 0.043229 0.149074
