0 0.802865 0.169444 0.039062 0.090741
0 0.756510 0.210185 0.069271 0.166667
0 0.211719 0.167593 0.050521 0.109259
0 0.241927 0.165741 0.020313 0.159259
0 0.273177 0.174537 0.046354 0.137963
0 0.306250 0.243056 0.094792 0.076852
0 0.295833 0.311111 0.100000 0.066667
0 0.274219 0.428241 0.054688 0.125000
0 0.222917 0.421296 0.028125 0.172222
0 0.190885 0.409259 0.041146 0.170370
6 0.445573 0.849537 0.086979 0.121296
6 0.820573 0.603241 0.058854 0.141667
6 0.762500 0.651852 0.061458 0.166667
6 0.708073 0.803704 0.069271 0.151852
6 0.869010 0.692593 0.044271 0.120370
6 0.855208 0.832407 0.061458 0.135185
1 0.604948 0.754630 0.078646 0.068519
1 0.550521 0.825926 0.062500 0.114815
1 0.535677 0.679167 0.073438 0.086111
1 0.542188 0.569907 0.056250 0.136111
1 0.563021 0.499074 0.051042 0.170370
1 0.603125 0.489352 0.063542 0.128704
1 0.639062 0.398611 0.103125 0.073148
2 0.269531 0.843056 0.081771 0.091667
