0 0.265625 0.169444 0.051042 0.155556
0 0.281250 0.250926 0.114583 0.064815
0 0.309375 0.316204 0.101042 0.062037
0 0.256250 0.411111 0.034375 0.127778
0 0.227344 0.432870 0.039062 0.176852
0 0.210677 0.435648 0.042188 0.147222
0 0.183333 0.456019 0.028125 0.206481
0 0.747135 0.183796 0.074479 0.123148
0 0.783854 0.394444 0.065625 0.122222
0 0.826823 0.407870 0.046354 0.191667
6 0.733854 0.495833 0.090625 0.084259
6 0.774740 0.711574 0.059896 0.104630
6 0.853906 0.733796 0.038021 0.180556
6 0.902083 0.828704 0.023958 0.177778
6 0.896615 0.558333 0.043229 0.101852
1 0.531250 0.712963 0.088542 0.061111
1 0.535417 0.474074 0.088542 0.124074
1 0.563802 0.418519 0.047396 0.198148
1 0.594271 0.775000 0.069792 0.127778
2 0.286198 0.850926 0.084896 0.111111
6 0.536719 0.266204 0.073438 0.123148
