0 0.202604 0.428241 0.040625 0.171296
0 0.240885 0.181944 0.042188 0.156481
0 0.806771 0.187500 0.061458 0.073148
0 0.788542 0.371759 0.094792 0.102778
1 0.604427 0.701389 0.077604 0.073148
1 0.597396 0.594907 0.063542 0.078704
1 0.570052 0.531481 0.051562 0.098148
1 0.534375 0.790278 0.096875 0.093519
1 0.596354 0.846759 0.087500 0.076852
3 0.731510 0.903241 0.105729 0.075000
6 0.732812 0.585185 0.082292 0.094444
5 0.700521 0.395370 0.086458 0.098148
6 0.599740 0.224074 0.046354 0.146296
6 0.851302 0.788426 0.029687 0.089815
6 0.876042 0.555556 0.092708 0.057407
0 0.261979 0.423611 0.062500 0.184259
