6 0.398177 0.281481 0.108854 0.103704
6 0.902865 0.584259 0.041146 0.129630
6 0.852865 0.727778 0.026562 0.153704
6 0.850521 0.838426 0.061458 0.078704
6 0.791927 0.725000 0.055729 0.105556
6 0.800781 0.568981 0.083854 0.134259
6 0.732552 0.598611 0.107812 0.093519
1 0.522135 0.909722 0.096354 0.084259
1 0.571615 0.639815 0.035937 0.118519
1 0.613021 0.612037 0.058333 0.120370
1 0.534375 0.497222 0.094792 0.105556
1 0.560677 0.409722 0.048438 0.184259
1 0.541927 0.301852 0.116146 0.059259
0 0.752604 0.185648 0.071875 0.152778
0 0.774219 0.388889 0.070312 0.153704
0 0.834635 0.388889 0.038021 0.164815
0 0.209635 0.181019 0.044271 0.100926
0 0.260156 0.166667 0.068229 0.175926
0 0.267708 0.442593 0.035417 0.225926
0 0.235937 0.431944 0.026042 0.193519
0 0.216146 0.430093 0.027083 0.175000
0 0.193229 0.419444 0.035417 0.175926
0 0.300260 0.248148 0.106771 0.074074
1 0.591667 0.768056 0.086458 0.076852
6 0.585677 0.204167 0.070312 0.089815
2 0.278906 0.855556 0.073438 0.105556
3 0.171094 0.588889 0.045312 0.127778
6 0.419271 0.444444 0.068750 0.150000
