0 0.266146 0.161111 0.062500 0.183333
0 0.309375 0.318981 0.098958 0.054630
0 0.257552 0.401389 0.027604 0.104630
0 0.234896 0.394444 0.021875 0.107407
0 0.202083 0.413889 0.027083 0.164815
0 0.180469 0.409722 0.022396 0.126852
0 0.753385 0.189352 0.081771 0.149074
0 0.778385 0.380556 0.072396 0.170370
0 0.827604 0.407870 0.042708 0.191667
6 0.735417 0.492130 0.102083 0.087963
6 0.901302 0.568056 0.038021 0.093519
6 0.852344 0.729630 0.032813 0.153704
6 0.906250 0.813889 0.030208 0.164815
6 0.777344 0.715741 0.070312 0.101852
1 0.540365 0.464815 0.086979 0.098148
1 0.573438 0.593981 0.036458 0.152778
1 0.534896 0.723148 0.087500 0.094444
1 0.595573 0.752778 0.076563 0.088889
1 0.585156 0.851389 0.065104 0.121296
6 0.657292 0.194444 0.052083 0.105556
6 0.514583 0.145370 0.100000 0.057407
6 0.535156 0.241204 0.054688 0.073148
3 0.309375 0.773148 0.068750 0.101852
2 0.282813 0.859259 0.087500 0.094444
6 0.662500 0.851389 0.064583 0.175000
6 0.840104 0.837963 0.061458 0.127778
0 0.369792 0.724537 0.094792 0.080556
