0 0.759896 0.336574 0.092708 0.078704
0 0.249479 0.157407 0.045833 0.157407
0 0.271615 0.182407 0.073438 0.164815
0 0.297396 0.348611 0.092708 0.076852
0 0.236198 0.462037 0.045312 0.164815
0 0.180990 0.400000 0.071354 0.107407
6 0.618490 0.253241 0.116146 0.080556
6 0.471875 0.344907 0.056250 0.210185
6 0.879687 0.527778 0.059375 0.162963
6 0.828125 0.589352 0.085417 0.093519
6 0.898698 0.432407 0.036979 0.170370
6 0.907292 0.793981 0.040625 0.154630
6 0.895573 0.687963 0.055729 0.096296
3 0.731510 0.908796 0.107812 0.143519
1 0.617448 0.437963 0.079687 0.120370
1 0.546875 0.511574 0.091667 0.080556
1 0.545052 0.596759 0.081771 0.104630
1 0.604948 0.622685 0.072396 0.156481
1 0.579688 0.775463 0.075000 0.087963
1 0.547917 0.842130 0.091667 0.132407
1 0.527083 0.951389 0.088542 0.086111
5 0.451562 0.526852 0.062500 0.142593
5 0.368750 0.826852 0.096875 0.105556
5 0.420833 0.944444 0.067708 0.111111
