0 0.747917 0.308333 0.101042 0.072222
0 0.242969 0.158796 0.022396 0.152778
0 0.281771 0.178241 0.093750 0.187963
0 0.184635 0.390741 0.074479 0.111111
0 0.231771 0.431019 0.036458 0.184259
0 0.296875 0.348611 0.100000 0.065741
6 0.474219 0.353241 0.043229 0.193519
6 0.378906 0.427315 0.050521 0.187963
6 0.759635 0.540278 0.041146 0.202778
6 0.827604 0.595833 0.077083 0.115741
6 0.880990 0.605556 0.026562 0.179630
6 0.883073 0.698148 0.060937 0.090741
6 0.854167 0.807407 0.091667 0.062963
3 0.722917 0.908796 0.096875 0.128704
1 0.627344 0.434722 0.077604 0.102778
1 0.545052 0.511574 0.077604 0.073148
1 0.552865 0.598611 0.073438 0.082407
1 0.585156 0.774537 0.079687 0.082407
1 0.517448 0.948611 0.081771 0.091667
5 0.448958 0.515278 0.055208 0.163889
5 0.375521 0.833333 0.087500 0.100000
6 0.369010 0.726389 0.110937 0.091667
6 0.615885 0.262500 0.115104 0.065741
6 0.897135 0.827315 0.054688 0.145370
