6 0.618750 0.257870 0.125000 0.075000
6 0.366406 0.723148 0.107812 0.081481
6 0.827604 0.601389 0.082292 0.095370
6 0.848437 0.805556 0.093750 0.070370
6 0.885156 0.708333 0.048438 0.111111
6 0.900260 0.794444 0.040104 0.162963
6 0.896094 0.427778 0.035937 0.166667
6 0.876302 0.558333 0.047396 0.174074
0 0.751042 0.318981 0.090625 0.067593
0 0.296354 0.350000 0.096875 0.059259
0 0.240365 0.163889 0.023438 0.162963
0 0.277604 0.187500 0.085417 0.180556
0 0.228646 0.445370 0.032292 0.177778
0 0.175260 0.408333 0.072396 0.103704
1 0.618490 0.439352 0.077604 0.078704
1 0.539323 0.514352 0.084896 0.097222
1 0.564844 0.609259 0.047396 0.061111
1 0.588542 0.777778 0.098958 0.085185
1 0.510156 0.946759 0.080729 0.087963
1 0.579948 0.951389 0.075521 0.086111
6 0.467448 0.353704 0.049479 0.209259
5 0.379948 0.422685 0.056771 0.197222
5 0.450781 0.512500 0.046354 0.150926
5 0.373437 0.838426 0.083333 0.093519
5 0.416146 0.935185 0.062500 0.111111
3 0.735417 0.918519 0.095833 0.135185
6 0.756510 0.594907 0.045312 0.197222
