0 0.246615 0.174074 0.041146 0.175926
0 0.276302 0.199074 0.072396 0.172222
0 0.314583 0.273148 0.098958 0.062963
0 0.299479 0.338889 0.098958 0.061111
0 0.238281 0.436574 0.049479 0.184259
0 0.759635 0.345833 0.105729 0.063889
0 0.827083 0.398148 0.059375 0.175926
1 0.626563 0.443519 0.071875 0.090741
1 0.541146 0.506944 0.096875 0.078704
1 0.547917 0.598611 0.067708 0.082407
1 0.595573 0.656019 0.076563 0.128704
1 0.586719 0.770833 0.091146 0.075000
1 0.517969 0.949537 0.080729 0.089815
6 0.897135 0.423611 0.028646 0.180556
6 0.871094 0.528704 0.050521 0.137037
6 0.830990 0.591204 0.083854 0.093519
6 0.767708 0.710648 0.051042 0.191667
6 0.896615 0.677315 0.053646 0.125000
6 0.904687 0.787963 0.025000 0.159259
3 0.733854 0.905093 0.068750 0.139815
5 0.377344 0.834259 0.077604 0.098148
5 0.448958 0.523148 0.057292 0.150000
5 0.418229 0.941667 0.054167 0.101852
