6 0.614583 0.256019 0.130208 0.071296
6 0.766667 0.704167 0.048958 0.186111
6 0.828125 0.596759 0.089583 0.086111
6 0.877604 0.531481 0.067708 0.151852
6 0.891146 0.687037 0.050000 0.109259
3 0.739062 0.906944 0.096875 0.147222
0 0.765625 0.350463 0.109375 0.073148
0 0.836198 0.393519 0.049479 0.166667
1 0.622917 0.444444 0.088542 0.096296
1 0.543229 0.509722 0.086458 0.073148
1 0.553385 0.586111 0.078646 0.100000
1 0.591406 0.656019 0.077604 0.132407
1 0.586979 0.763426 0.095833 0.086111
1 0.520052 0.945370 0.076563 0.101852
5 0.448437 0.528704 0.064583 0.142593
5 0.375000 0.843519 0.090625 0.109259
6 0.373958 0.719907 0.094792 0.084259
0 0.242448 0.157407 0.025521 0.164815
0 0.279427 0.187037 0.080729 0.177778
0 0.300260 0.347685 0.113021 0.071296
6 0.644792 0.885185 0.035417 0.218519
5 0.420312 0.934259 0.070833 0.105556
