5 0.415365 0.941667 0.048438 0.109259
5 0.375521 0.842130 0.083333 0.097222
5 0.456250 0.528704 0.061458 0.133333
0 0.244271 0.159722 0.033333 0.150926
0 0.275000 0.181944 0.094792 0.152778
0 0.318750 0.273148 0.122917 0.070370
0 0.295833 0.333333 0.106250 0.068519
0 0.231510 0.435648 0.043229 0.186111
0 0.761198 0.345833 0.104688 0.078704
0 0.832031 0.395370 0.045312 0.174074
6 0.895573 0.428704 0.041146 0.164815
6 0.867969 0.518056 0.050521 0.147222
6 0.833073 0.586574 0.088021 0.076852
6 0.904167 0.668519 0.060417 0.142593
3 0.738021 0.909722 0.070833 0.141667
1 0.618490 0.438889 0.069271 0.111111
1 0.554427 0.594907 0.091146 0.093519
1 0.595313 0.666667 0.073958 0.146296
1 0.581250 0.763426 0.089583 0.078704
1 0.580729 0.951389 0.052083 0.097222
1 0.510417 0.942593 0.091667 0.096296
6 0.371094 0.715278 0.084896 0.071296
6 0.464844 0.667593 0.102604 0.116667
