0 0.837760 0.399537 0.048438 0.189815
0 0.765625 0.353241 0.100000 0.078704
6 0.893229 0.425926 0.030208 0.170370
6 0.870052 0.522685 0.056771 0.145370
6 0.831510 0.587500 0.080729 0.086111
6 0.899740 0.681019 0.049479 0.117593
6 0.858333 0.826852 0.035417 0.162963
6 0.771354 0.730093 0.034375 0.184259
1 0.622656 0.455556 0.077604 0.114815
1 0.541406 0.507870 0.086979 0.080556
1 0.553646 0.600463 0.064583 0.093519
1 0.599219 0.670370 0.075521 0.118519
1 0.584635 0.770833 0.091146 0.089815
3 0.732552 0.906944 0.075521 0.125000
5 0.455208 0.529630 0.069792 0.148148
6 0.639323 0.874537 0.046354 0.189815
1 0.518490 0.944907 0.081771 0.084259
5 0.371875 0.842130 0.086458 0.100926
5 0.418229 0.932407 0.062500 0.112963
6 0.369010 0.713426 0.080729 0.078704
6 0.472917 0.665741 0.094792 0.120370
0 0.234375 0.432870 0.046875 0.187963
0 0.296875 0.348611 0.108333 0.065741
0 0.316667 0.281481 0.127083 0.064815
0 0.286719 0.184722 0.083854 0.182407
