6 0.699219 0.804630 0.051562 0.142593
6 0.759896 0.630556 0.060417 0.164815
6 0.822656 0.630093 0.038021 0.180556
6 0.869010 0.691667 0.042188 0.114815
6 0.912760 0.793981 0.025521 0.150926
6 0.854167 0.519907 0.057292 0.125000
6 0.881771 0.473611 0.061458 0.084259
0 0.842187 0.390741 0.031250 0.157407
0 0.755208 0.212500 0.058333 0.156481
0 0.805729 0.172222 0.031250 0.100000
6 0.507031 0.205093 0.035937 0.149074
6 0.675781 0.193519 0.081771 0.092593
1 0.613802 0.502778 0.082812 0.120370
1 0.566406 0.486574 0.040104 0.191667
1 0.543750 0.574537 0.057292 0.152778
1 0.529687 0.680093 0.091667 0.065741
1 0.623177 0.681019 0.108854 0.075000
1 0.598958 0.748148 0.094792 0.066667
1 0.550260 0.825463 0.052604 0.123148
2 0.275260 0.855093 0.100521 0.089815
0 0.247917 0.173611 0.038542 0.143519
0 0.291927 0.202315 0.107812 0.067593
0 0.303385 0.245370 0.106771 0.072222
0 0.298958 0.307407 0.095833 0.074074
0 0.192708 0.404167 0.034375 0.156481
0 0.213021 0.412963 0.031250 0.166667
0 0.241667 0.384259 0.031250 0.098148
0 0.269531 0.404167 0.049479 0.126852
0 0.300521 0.378241 0.096875 0.139815
