6 0.613802 0.256944 0.115104 0.084259
6 0.762240 0.664815 0.052604 0.168519
6 0.830990 0.612963 0.081771 0.111111
6 0.896615 0.431019 0.045312 0.180556
6 0.890625 0.691667 0.051042 0.100000
6 0.904167 0.799074 0.032292 0.157407
3 0.735938 0.904167 0.082292 0.134259
1 0.622656 0.443519 0.079687 0.120370
1 0.540365 0.513426 0.080729 0.080556
1 0.550521 0.594907 0.092708 0.104630
1 0.595052 0.641204 0.077604 0.143519
1 0.585156 0.777315 0.077604 0.084259
1 0.518229 0.950000 0.084375 0.100000
5 0.374479 0.836111 0.093750 0.105556
5 0.419792 0.940741 0.073958 0.100000
5 0.450000 0.537500 0.053125 0.150926
6 0.476302 0.342130 0.049479 0.193519
0 0.246875 0.160185 0.036458 0.155556
0 0.278385 0.187037 0.082812 0.162963
0 0.297135 0.338426 0.108854 0.075000
0 0.763281 0.338426 0.113021 0.078704
0 0.830208 0.392593 0.057292 0.172222
6 0.870573 0.523148 0.055729 0.157407
