6 0.476823 0.341204 0.060937 0.191667
6 0.611979 0.256944 0.125000 0.080556
6 0.826302 0.606481 0.079687 0.094444
6 0.893490 0.690741 0.043229 0.127778
6 0.905729 0.797222 0.043750 0.168519
6 0.762240 0.642130 0.050521 0.199074
5 0.371875 0.842593 0.084375 0.103704
5 0.450000 0.521296 0.071875 0.153704
5 0.423437 0.937037 0.066667 0.111111
1 0.624479 0.437963 0.083333 0.109259
1 0.536458 0.506019 0.092708 0.076852
1 0.545833 0.600463 0.071875 0.086111
1 0.627604 0.545370 0.091667 0.116667
1 0.583073 0.777778 0.083854 0.092593
1 0.516667 0.949074 0.081250 0.098148
1 0.578646 0.958796 0.052083 0.071296
6 0.874479 0.547222 0.053125 0.155556
6 0.895573 0.429630 0.039062 0.166667
3 0.740885 0.912500 0.096354 0.143519
0 0.279167 0.177778 0.088542 0.168519
0 0.302865 0.348611 0.120313 0.069444
0 0.231250 0.437500 0.029167 0.186111
0 0.180469 0.405093 0.074479 0.132407
0 0.749479 0.321759 0.091667 0.087963
