0 0.284375 0.182870 0.101042 0.158333
0 0.298438 0.344907 0.114583 0.069444
0 0.238802 0.421759 0.020313 0.202778
0 0.759635 0.347685 0.107812 0.050926
0 0.858854 0.376389 0.042708 0.143519
6 0.835156 0.603241 0.095312 0.091667
6 0.896875 0.457407 0.033333 0.164815
6 0.911979 0.791204 0.035417 0.163889
6 0.703125 0.796296 0.057292 0.166667
6 0.823958 0.790278 0.089583 0.082407
6 0.461719 0.650463 0.121354 0.104630
1 0.538802 0.413426 0.090104 0.080556
1 0.529948 0.514352 0.079687 0.078704
1 0.559375 0.578704 0.062500 0.125926
1 0.598698 0.602315 0.080729 0.128704
1 0.595833 0.664815 0.092708 0.118519
1 0.595313 0.749537 0.065625 0.082407
3 0.607812 0.861574 0.072917 0.082407
5 0.418490 0.934722 0.084896 0.119444
5 0.379427 0.837963 0.071354 0.105556
5 0.457552 0.524074 0.052604 0.124074
