0 0.265625 0.200000 0.059375 0.116667
0 0.310417 0.328704 0.116667 0.074074
0 0.238542 0.430093 0.029167 0.162037
0 0.209115 0.431019 0.023438 0.169444
0 0.197917 0.401389 0.035417 0.143519
0 0.760156 0.351389 0.098437 0.082407
1 0.545312 0.408796 0.105208 0.078704
1 0.582031 0.551852 0.049479 0.150000
1 0.586458 0.743519 0.062500 0.064815
1 0.516667 0.758796 0.087500 0.095370
1 0.585156 0.963426 0.092188 0.073148
3 0.620313 0.854167 0.059375 0.076852
6 0.906250 0.506481 0.040625 0.177778
6 0.834115 0.598611 0.088021 0.097222
6 0.908333 0.661574 0.052083 0.139815
6 0.846615 0.816204 0.050521 0.134259
5 0.452083 0.528704 0.059375 0.133333
5 0.372135 0.843056 0.076563 0.095370
5 0.420312 0.929630 0.068750 0.109259
5 0.907813 0.791204 0.031250 0.169444
