0 0.765625 0.343981 0.097917 0.078704
0 0.275000 0.220370 0.062500 0.096296
0 0.302344 0.341667 0.104688 0.059259
0 0.237240 0.427778 0.041146 0.162963
0 0.185156 0.391667 0.051562 0.131481
5 0.453125 0.537500 0.055208 0.128704
5 0.373177 0.843519 0.076563 0.105556
5 0.418490 0.935185 0.052604 0.114815
6 0.834635 0.606481 0.082812 0.127778
6 0.908854 0.646296 0.037500 0.124074
6 0.913021 0.780556 0.033333 0.177778
6 0.847135 0.812963 0.041146 0.112963
3 0.659375 0.833333 0.127083 0.092593
1 0.613281 0.592130 0.081771 0.137963
1 0.599740 0.750000 0.089063 0.066667
1 0.517708 0.757407 0.091667 0.098148
1 0.527083 0.922685 0.058333 0.150926
1 0.577604 0.577778 0.060417 0.166667
6 0.453646 0.410648 0.086458 0.139815
6 0.457292 0.655556 0.123958 0.057407
