5 0.451562 0.525926 0.056250 0.148148
5 0.377344 0.840741 0.077604 0.122222
5 0.412760 0.931019 0.055729 0.119444
1 0.541406 0.419907 0.100521 0.076852
1 0.540104 0.506944 0.092708 0.093519
1 0.572656 0.564352 0.048438 0.143519
1 0.609375 0.588426 0.078125 0.130556
1 0.598437 0.652778 0.095833 0.111111
1 0.598958 0.746296 0.088542 0.070370
1 0.510677 0.759722 0.114062 0.086111
3 0.612760 0.861111 0.080729 0.098148
6 0.833073 0.800926 0.069271 0.072222
6 0.911719 0.792130 0.039062 0.158333
6 0.834115 0.599537 0.088021 0.091667
0 0.765104 0.349537 0.105208 0.078704
0 0.297396 0.343519 0.112500 0.062963
0 0.232813 0.435185 0.042708 0.175926
0 0.184896 0.397685 0.053125 0.139815
1 0.607031 0.955093 0.113021 0.063889
0 0.854687 0.380093 0.034375 0.139815
0 0.288021 0.188426 0.095833 0.128704
