3 0.663802 0.819907 0.135937 0.110185
6 0.593750 0.749074 0.084375 0.075926
1 0.519010 0.758796 0.082812 0.080556
1 0.593750 0.963426 0.096875 0.065741
1 0.608854 0.595370 0.077083 0.111111
1 0.555208 0.408333 0.092708 0.064815
5 0.415365 0.929167 0.066146 0.115741
5 0.372135 0.843056 0.082812 0.102778
5 0.452083 0.529630 0.053125 0.148148
0 0.752865 0.343056 0.106771 0.084259
0 0.309375 0.324537 0.103125 0.071296
0 0.274740 0.429630 0.045312 0.166667
0 0.245833 0.430093 0.028125 0.186111
0 0.211198 0.430093 0.025521 0.171296
0 0.172917 0.407870 0.057292 0.156481
6 0.834375 0.604167 0.093750 0.089815
6 0.909896 0.783333 0.033333 0.179630
1 0.847656 0.805556 0.046354 0.151852
6 0.900781 0.665741 0.043229 0.135185
6 0.905208 0.513426 0.038542 0.145370
6 0.563021 0.870833 0.091667 0.139815
1 0.581771 0.565278 0.054167 0.152778
0 0.278385 0.191204 0.080729 0.141667
