0 0.239062 0.429167 0.036458 0.180556
0 0.297396 0.348611 0.101042 0.076852
0 0.312500 0.281481 0.133333 0.064815
0 0.286198 0.177778 0.080729 0.161111
0 0.830990 0.394907 0.041146 0.187963
6 0.894792 0.440741 0.033333 0.187037
6 0.833594 0.594907 0.086979 0.089815
6 0.765625 0.732407 0.041667 0.174074
1 0.542448 0.495833 0.084896 0.084259
1 0.551823 0.588889 0.071354 0.105556
1 0.582031 0.774074 0.079687 0.075926
1 0.520573 0.946296 0.079687 0.107407
5 0.380208 0.421759 0.058333 0.134259
5 0.450521 0.518981 0.066667 0.156481
6 0.472396 0.656481 0.089583 0.112963
6 0.369010 0.725926 0.072396 0.096296
6 0.412760 0.940741 0.049479 0.114815
3 0.729427 0.908333 0.081771 0.114815
6 0.863281 0.876389 0.051562 0.171296
