0 0.755208 0.343056 0.125000 0.065741
0 0.826562 0.413426 0.042708 0.187963
0 0.280729 0.195370 0.063542 0.150000
0 0.300000 0.344907 0.100000 0.062037
0 0.238281 0.405556 0.043229 0.166667
5 0.380469 0.410185 0.057812 0.172222
5 0.447917 0.521759 0.061458 0.143519
5 0.371875 0.852315 0.092708 0.095370
5 0.418750 0.938889 0.059375 0.122222
6 0.770833 0.754630 0.035417 0.179630
6 0.834375 0.600463 0.091667 0.089815
6 0.915365 0.658796 0.054688 0.141667
6 0.874740 0.757407 0.077604 0.105556
1 0.538281 0.414815 0.106771 0.077778
1 0.542708 0.519907 0.095833 0.089815
1 0.635677 0.468056 0.101562 0.078704
1 0.547656 0.595833 0.077604 0.080556
1 0.604948 0.671759 0.084896 0.128704
1 0.589583 0.768981 0.090625 0.082407
1 0.551042 0.851389 0.065625 0.132407
1 0.516667 0.949537 0.083333 0.086111
3 0.735938 0.900463 0.082292 0.130556
