6 0.768750 0.743981 0.031250 0.189815
6 0.836198 0.593981 0.090104 0.087963
6 0.881510 0.764352 0.059896 0.106481
6 0.367448 0.729630 0.097396 0.111111
1 0.618490 0.449074 0.090104 0.066667
1 0.550000 0.500000 0.100000 0.068519
1 0.551823 0.605556 0.069271 0.096296
1 0.594792 0.675463 0.072917 0.121296
1 0.586198 0.770833 0.081771 0.082407
1 0.553906 0.850000 0.065104 0.105556
1 0.582812 0.955093 0.062500 0.078704
1 0.514583 0.945370 0.085417 0.074074
5 0.386458 0.414352 0.057292 0.143519
5 0.370833 0.855556 0.092708 0.101852
5 0.414323 0.937963 0.056771 0.105556
5 0.453125 0.528704 0.063542 0.146296
5 0.468750 0.666667 0.098958 0.107407
0 0.764844 0.351389 0.107812 0.082407
0 0.828906 0.394444 0.047396 0.157407
0 0.283333 0.196296 0.058333 0.159259
0 0.310417 0.278704 0.125000 0.070370
0 0.301042 0.336111 0.100000 0.070370
0 0.241406 0.411111 0.053646 0.151852
