1 0.621354 0.456944 0.087500 0.100926
1 0.540885 0.500926 0.085938 0.094444
1 0.548438 0.601389 0.064583 0.102778
1 0.597396 0.674537 0.097917 0.123148
1 0.582812 0.768056 0.098958 0.084259
1 0.551823 0.849537 0.081771 0.136111
0 0.830990 0.392130 0.047396 0.200926
0 0.246094 0.164815 0.046354 0.142593
0 0.278646 0.181944 0.089583 0.145370
0 0.306510 0.275926 0.141146 0.057407
0 0.297396 0.338889 0.098958 0.068519
0 0.766667 0.344907 0.102083 0.076852
3 0.731250 0.904167 0.087500 0.134259
6 0.769271 0.738426 0.030208 0.197222
6 0.836198 0.593056 0.092188 0.071296
5 0.383594 0.427315 0.051562 0.119444
5 0.453646 0.520833 0.066667 0.137963
5 0.421354 0.935648 0.064583 0.097222
6 0.467187 0.659259 0.095833 0.107407
6 0.368490 0.717130 0.081771 0.082407
6 0.565625 0.223148 0.129167 0.087037
