0 0.762240 0.348611 0.104688 0.076852
0 0.830469 0.411111 0.044271 0.162963
0 0.280729 0.181019 0.081250 0.158333
0 0.324219 0.275926 0.111979 0.079630
0 0.300260 0.338889 0.108854 0.064815
0 0.240885 0.434259 0.040104 0.162963
6 0.832812 0.597685 0.096875 0.099074
6 0.867969 0.743981 0.060937 0.143519
6 0.908333 0.657870 0.036458 0.136111
6 0.907813 0.837037 0.037500 0.172222
3 0.711719 0.885185 0.089063 0.111111
1 0.535156 0.410185 0.084896 0.068519
1 0.538021 0.505093 0.093750 0.075000
1 0.558073 0.593981 0.079687 0.099074
1 0.592708 0.667593 0.094792 0.105556
1 0.583594 0.778704 0.080729 0.098148
1 0.544792 0.846759 0.055208 0.123148
1 0.504427 0.884259 0.081771 0.120370
1 0.521094 0.955093 0.078646 0.078704
0 0.863802 0.433796 0.038021 0.186111
5 0.416406 0.930556 0.070312 0.111111
5 0.450000 0.523611 0.053125 0.147222
5 0.383594 0.424074 0.057812 0.162963
6 0.551042 0.232407 0.117708 0.105556
6 0.363542 0.725926 0.117708 0.092593
6 0.469271 0.662037 0.100000 0.116667
6 0.677865 0.800926 0.107812 0.111111
