6 0.750000 0.353241 0.078125 0.093519
6 0.829167 0.596759 0.097917 0.067593
6 0.910156 0.506019 0.050521 0.145370
6 0.893750 0.663889 0.055208 0.094444
6 0.906250 0.778704 0.034375 0.174074
6 0.879948 0.845833 0.054688 0.071296
6 0.765104 0.617130 0.075000 0.137963
1 0.554427 0.465741 0.076563 0.114815
1 0.567708 0.553704 0.060417 0.146296
1 0.607292 0.612963 0.093750 0.161111
1 0.594792 0.749074 0.092708 0.057407
1 0.531250 0.759259 0.098958 0.109259
1 0.607031 0.846759 0.110937 0.084259
1 0.591146 0.962963 0.095833 0.062963
0 0.732812 0.233796 0.118750 0.102778
0 0.273177 0.200926 0.080729 0.111111
0 0.308594 0.325463 0.106771 0.084259
0 0.280729 0.401389 0.063542 0.204630
0 0.241146 0.427315 0.030208 0.199074
0 0.211719 0.427315 0.028646 0.184259
0 0.182552 0.402315 0.056771 0.141667
3 0.405729 0.687500 0.102083 0.095370
5 0.377604 0.843981 0.085417 0.100926
