6 0.795052 0.575463 0.105729 0.075000
6 0.916406 0.730556 0.052604 0.159259
6 0.824479 0.658796 0.088542 0.099074
6 0.693229 0.818981 0.059375 0.162037
6 0.886719 0.857407 0.045312 0.066667
6 0.429948 0.689815 0.105729 0.072222
3 0.641146 0.376389 0.062500 0.250926
0 0.825000 0.425926 0.029167 0.166667
0 0.861198 0.380093 0.049479 0.143519
0 0.740885 0.241667 0.108854 0.107407
6 0.905208 0.387963 0.044792 0.155556
6 0.753646 0.355093 0.067708 0.082407
1 0.552604 0.450000 0.090625 0.111111
1 0.575000 0.546759 0.067708 0.132407
1 0.608333 0.584259 0.076042 0.107407
1 0.613542 0.719907 0.093750 0.087963
1 0.529948 0.770833 0.077604 0.097222
1 0.605729 0.839352 0.090625 0.087963
1 0.510938 0.865741 0.094792 0.068519
1 0.590104 0.950000 0.087500 0.068519
5 0.380469 0.842130 0.081771 0.100926
0 0.266406 0.200463 0.077604 0.086111
0 0.299740 0.312963 0.103646 0.101852
0 0.290104 0.379630 0.094792 0.103704
0 0.269010 0.417593 0.082812 0.153704
0 0.230990 0.432407 0.052604 0.166667
0 0.207031 0.424074 0.049479 0.162963
