1 0.543229 0.462963 0.064583 0.101852
1 0.575781 0.553241 0.048438 0.141667
1 0.596354 0.597685 0.071875 0.119444
1 0.602344 0.748611 0.069271 0.084259
1 0.520052 0.771296 0.084896 0.101852
1 0.613802 0.844907 0.102604 0.102778
1 0.594792 0.957870 0.098958 0.069444
6 0.740104 0.579630 0.090625 0.148148
6 0.830469 0.596759 0.104688 0.086111
6 0.905729 0.525000 0.037500 0.175926
6 0.908333 0.660185 0.062500 0.098148
6 0.907813 0.781481 0.035417 0.187037
6 0.873437 0.844907 0.063542 0.073148
0 0.835677 0.412963 0.035937 0.162963
0 0.726823 0.219444 0.115104 0.070370
0 0.304948 0.321759 0.097396 0.091667
0 0.277083 0.410185 0.066667 0.179630
0 0.229948 0.427315 0.022396 0.176852
0 0.214323 0.428241 0.023438 0.158333
0 0.274740 0.200000 0.067187 0.101852
5 0.382031 0.843056 0.089063 0.099074
3 0.414844 0.692593 0.105729 0.116667
6 0.355469 0.591667 0.079687 0.118519
0 0.864844 0.391667 0.056771 0.170370
0 0.184115 0.398611 0.045312 0.149074
