3 0.839844 0.521296 0.102604 0.122222
0 0.743490 0.271296 0.109896 0.070370
0 0.791927 0.393981 0.088021 0.147222
0 0.272135 0.210648 0.046354 0.173148
0 0.245573 0.425000 0.045312 0.172222
6 0.918229 0.711574 0.054167 0.128704
6 0.852865 0.650926 0.058854 0.164815
6 0.871094 0.788426 0.054688 0.078704
6 0.681250 0.797685 0.060417 0.136111
6 0.300000 0.449074 0.091667 0.174074
5 0.359896 0.595833 0.080208 0.115741
1 0.544531 0.401389 0.080729 0.060185
1 0.579427 0.482407 0.044271 0.103704
1 0.546354 0.670370 0.082292 0.129630
1 0.541406 0.821296 0.084896 0.112963
1 0.573958 0.944444 0.067708 0.103704
6 0.822396 0.856481 0.092708 0.064815
