1 0.546094 0.409722 0.107812 0.069444
1 0.574479 0.475000 0.058333 0.118519
1 0.548438 0.668519 0.072917 0.107407
1 0.540885 0.812037 0.075521 0.100000
1 0.569271 0.942593 0.061458 0.092593
0 0.740885 0.268056 0.119271 0.076852
0 0.788281 0.399537 0.086979 0.147222
0 0.249479 0.420370 0.041667 0.170370
0 0.276302 0.203241 0.054688 0.156481
6 0.855469 0.648148 0.045312 0.174074
6 0.919531 0.709259 0.050521 0.164815
6 0.870052 0.790278 0.048438 0.063889
6 0.832292 0.843981 0.087500 0.067593
6 0.680469 0.788889 0.058854 0.111111
6 0.452344 0.713426 0.045312 0.193519
5 0.400260 0.228241 0.058854 0.145370
5 0.261979 0.766667 0.054167 0.168519
3 0.844792 0.514352 0.101042 0.132407
