0 0.731510 0.257407 0.103646 0.066667
0 0.788281 0.401389 0.078646 0.150926
0 0.277083 0.202778 0.060417 0.161111
0 0.204687 0.380556 0.052083 0.109259
3 0.844271 0.498148 0.079167 0.164815
6 0.856510 0.651389 0.049479 0.173148
6 0.920573 0.707870 0.048438 0.150926
6 0.871354 0.787037 0.055208 0.064815
6 0.826562 0.847222 0.092708 0.055556
6 0.678385 0.786574 0.056771 0.128704
1 0.547656 0.400000 0.109896 0.053704
1 0.581510 0.474074 0.040104 0.077778
1 0.559896 0.508796 0.053125 0.154630
1 0.549479 0.671296 0.084375 0.098148
1 0.542969 0.801389 0.079687 0.089815
1 0.575260 0.939815 0.075521 0.094444
