0 0.272656 0.215278 0.069271 0.097222
0 0.303385 0.320833 0.096354 0.075000
0 0.274479 0.402315 0.061458 0.176852
0 0.236719 0.431019 0.018229 0.180556
0 0.213021 0.441667 0.035417 0.159259
0 0.734375 0.232407 0.126042 0.109259
6 0.908073 0.502315 0.048438 0.137963
6 0.903646 0.662037 0.063542 0.098148
6 0.909896 0.784259 0.037500 0.162963
6 0.745573 0.602778 0.081771 0.155556
6 0.829167 0.600926 0.097917 0.105556
6 0.873958 0.840278 0.062500 0.075000
1 0.556510 0.459722 0.082812 0.102778
1 0.571354 0.554167 0.060417 0.139815
1 0.603906 0.603704 0.082812 0.114815
1 0.596354 0.737963 0.083333 0.057407
1 0.524740 0.754167 0.090104 0.086111
1 0.611979 0.848611 0.103125 0.080556
1 0.591667 0.955093 0.090625 0.082407
3 0.412500 0.710648 0.094792 0.137963
5 0.371875 0.835185 0.090625 0.103704
6 0.750000 0.356944 0.090625 0.086111
