6 0.867969 0.789352 0.042188 0.065741
6 0.858333 0.653241 0.041667 0.176852
3 0.844010 0.512037 0.077604 0.112963
0 0.882552 0.347685 0.077604 0.089815
0 0.791927 0.401389 0.085938 0.132407
0 0.272656 0.214352 0.036979 0.187963
0 0.250000 0.426852 0.040625 0.168519
0 0.738021 0.269907 0.116667 0.076852
1 0.550000 0.408796 0.085417 0.075000
1 0.547396 0.670370 0.080208 0.125926
1 0.535156 0.823611 0.072396 0.130556
1 0.573438 0.943519 0.066667 0.101852
6 0.686979 0.811574 0.063542 0.150926
6 0.276562 0.843519 0.001042 0.001852
