5 0.372917 0.837500 0.103125 0.091667
0 0.275781 0.205556 0.071354 0.116667
0 0.306510 0.318981 0.100521 0.071296
0 0.277083 0.406481 0.058333 0.168519
0 0.243229 0.421759 0.031250 0.187963
0 0.209375 0.430093 0.031250 0.167593
0 0.734896 0.236574 0.116667 0.097222
0 0.834115 0.400000 0.053646 0.161111
6 0.752083 0.348611 0.072917 0.084259
6 0.909375 0.508796 0.038542 0.150926
6 0.899740 0.660648 0.043229 0.080556
6 0.916927 0.791204 0.036979 0.152778
6 0.783594 0.663889 0.081771 0.105556
6 0.815625 0.584259 0.084375 0.079630
1 0.550000 0.465278 0.085417 0.073148
1 0.573177 0.566204 0.051562 0.147222
1 0.607812 0.595833 0.086458 0.106481
1 0.595052 0.664815 0.079687 0.103704
1 0.597656 0.751852 0.082812 0.066667
1 0.521354 0.762500 0.094792 0.106481
1 0.605729 0.847685 0.096875 0.071296
3 0.408333 0.650463 0.082292 0.132407
6 0.669271 0.831481 0.054167 0.164815
