0 0.208073 0.430093 0.043229 0.167593
0 0.235937 0.422222 0.042708 0.162963
0 0.266667 0.423148 0.065625 0.175926
0 0.301302 0.324537 0.108854 0.082407
0 0.753125 0.345833 0.116667 0.075000
0 0.281250 0.189815 0.077083 0.164815
5 0.374479 0.844907 0.087500 0.099074
5 0.414844 0.931019 0.059896 0.126852
6 0.908073 0.515278 0.048438 0.156481
6 0.830729 0.605556 0.090625 0.100000
6 0.899219 0.656481 0.046354 0.105556
6 0.903125 0.787037 0.040625 0.172222
6 0.845573 0.809722 0.044271 0.132407
3 0.667188 0.822222 0.157292 0.107407
1 0.556250 0.400463 0.090625 0.062037
1 0.569010 0.563426 0.034896 0.134259
1 0.613021 0.591667 0.064583 0.107407
1 0.531771 0.760648 0.083333 0.091667
1 0.600781 0.737500 0.089063 0.076852
