1 0.612760 0.459722 0.084896 0.119444
1 0.550781 0.467593 0.075521 0.092593
1 0.576823 0.679167 0.048438 0.132407
1 0.542969 0.706944 0.053646 0.141667
1 0.540104 0.793981 0.060417 0.121296
1 0.522656 0.888889 0.079687 0.100000
1 0.506510 0.961574 0.103646 0.073148
3 0.618490 0.671759 0.036979 0.243519
0 0.741406 0.255093 0.099479 0.091667
6 0.865365 0.587500 0.047396 0.078704
6 0.909375 0.688889 0.023958 0.181481
6 0.833594 0.840741 0.044271 0.164815
6 0.736458 0.918519 0.087500 0.090741
6 0.539844 0.211574 0.043229 0.154630
6 0.378125 0.356944 0.086458 0.089815
6 0.312240 0.199074 0.047396 0.150000
0 0.231771 0.177315 0.058333 0.154630
0 0.198698 0.398611 0.084896 0.102778
0 0.278646 0.381481 0.059375 0.153704
0 0.395573 0.573611 0.075521 0.100926
5 0.399740 0.916667 0.083854 0.109259
1 0.602865 0.868981 0.102604 0.097222
