1 0.615365 0.456944 0.088021 0.113889
1 0.549219 0.475926 0.080729 0.094444
3 0.626042 0.648611 0.060417 0.200926
1 0.548698 0.709722 0.049479 0.162037
1 0.537240 0.768981 0.066146 0.143519
1 0.595573 0.851389 0.110937 0.078704
1 0.515104 0.889815 0.080208 0.120370
1 0.513542 0.959722 0.115625 0.080556
0 0.737240 0.244907 0.109896 0.091667
0 0.231250 0.186574 0.059375 0.154630
0 0.200521 0.406481 0.092708 0.111111
0 0.278125 0.373611 0.060417 0.163889
6 0.865885 0.587500 0.046354 0.089815
6 0.802865 0.688889 0.049479 0.155556
6 0.901302 0.830556 0.038021 0.177778
6 0.830208 0.836111 0.063542 0.144444
6 0.714323 0.909722 0.105729 0.069444
6 0.384635 0.354630 0.085938 0.100000
5 0.396875 0.557407 0.091667 0.114815
6 0.173958 0.508796 0.097917 0.075000
2 0.180469 0.658333 0.100521 0.162963
