6 0.385156 0.356481 0.086979 0.111111
6 0.863281 0.588426 0.043229 0.084259
6 0.836198 0.845833 0.059896 0.175000
0 0.737760 0.244907 0.102604 0.091667
0 0.825000 0.406019 0.065625 0.187963
0 0.225781 0.184722 0.050521 0.158333
0 0.201042 0.401389 0.093750 0.136111
6 0.543490 0.224074 0.040104 0.172222
6 0.612240 0.457870 0.079687 0.126852
6 0.616927 0.689352 0.060937 0.184259
6 0.581771 0.697222 0.054167 0.179630
6 0.613542 0.859722 0.093750 0.080556
6 0.516667 0.891667 0.095833 0.116667
5 0.396615 0.567130 0.079687 0.095370
5 0.399740 0.906944 0.090104 0.097222
