2 0.184375 0.626389 0.066667 0.184259
0 0.740365 0.244907 0.107812 0.076852
0 0.196615 0.409259 0.080729 0.109259
0 0.275781 0.387037 0.073438 0.146296
6 0.391667 0.353241 0.083333 0.089815
6 0.865885 0.589352 0.040104 0.086111
6 0.899219 0.839352 0.042188 0.199074
6 0.804427 0.692593 0.054688 0.148148
6 0.829688 0.844907 0.058333 0.137963
6 0.797917 0.943519 0.043750 0.112963
6 0.713802 0.911111 0.100521 0.062963
3 0.621354 0.656944 0.061458 0.199074
1 0.607031 0.452315 0.074479 0.099074
1 0.550781 0.473611 0.079687 0.080556
1 0.552083 0.582407 0.031250 0.137037
1 0.544271 0.700926 0.060417 0.168519
1 0.531250 0.773611 0.070833 0.134259
1 0.601823 0.858333 0.086979 0.100000
1 0.505469 0.884259 0.085938 0.101852
1 0.504427 0.962037 0.116146 0.057407
6 0.548177 0.243981 0.048438 0.186111
5 0.399219 0.560648 0.074479 0.128704
5 0.397656 0.914815 0.077604 0.101852
6 0.656250 0.358333 0.078125 0.168519
