0 0.745052 0.251389 0.115104 0.084259
0 0.825521 0.407870 0.054167 0.202778
0 0.227865 0.172222 0.052604 0.153704
0 0.204687 0.389815 0.096875 0.127778
6 0.385156 0.356481 0.072396 0.111111
6 0.865365 0.583333 0.049479 0.081481
6 0.833333 0.842130 0.057292 0.154630
1 0.612500 0.455556 0.085417 0.114815
1 0.541667 0.464815 0.089583 0.098148
3 0.608854 0.627315 0.075000 0.125000
1 0.602344 0.855556 0.099479 0.059259
1 0.517188 0.889815 0.103125 0.116667
1 0.515625 0.959722 0.115625 0.080556
6 0.545312 0.215741 0.050000 0.162963
