0 0.741406 0.250926 0.111979 0.092593
0 0.232552 0.178241 0.047396 0.152778
0 0.278906 0.376389 0.047396 0.175000
0 0.210156 0.395833 0.085938 0.125000
0 0.817969 0.415278 0.055729 0.195370
1 0.607812 0.452315 0.086458 0.099074
1 0.544792 0.467593 0.087500 0.092593
3 0.609896 0.640741 0.080208 0.166667
1 0.579427 0.747685 0.048438 0.139815
1 0.602865 0.847685 0.091146 0.071296
1 0.543229 0.814815 0.032292 0.120370
1 0.513542 0.886111 0.073958 0.124074
1 0.513542 0.965741 0.102083 0.061111
6 0.538802 0.204167 0.041146 0.186111
6 0.384635 0.357407 0.075521 0.124074
6 0.445573 0.456944 0.042188 0.204630
6 0.863281 0.585648 0.045312 0.082407
5 0.910937 0.378241 0.059375 0.097222
5 0.398177 0.912963 0.084896 0.094444
6 0.911458 0.685648 0.036458 0.191667
