6 0.384115 0.350000 0.091146 0.109259
6 0.175000 0.509722 0.093750 0.065741
6 0.866406 0.591204 0.041146 0.082407
6 0.900260 0.853704 0.042188 0.170370
6 0.832292 0.851389 0.059375 0.154630
6 0.803385 0.685648 0.056771 0.152778
3 0.621354 0.647685 0.065625 0.199074
1 0.608854 0.456944 0.072917 0.104630
1 0.546875 0.475463 0.087500 0.087963
1 0.550260 0.698148 0.072396 0.162963
1 0.535156 0.776852 0.070312 0.131481
1 0.597917 0.852315 0.101042 0.076852
1 0.512500 0.884259 0.089583 0.098148
1 0.514323 0.961574 0.106771 0.062037
6 0.546354 0.243519 0.052083 0.168519
0 0.226823 0.181944 0.048438 0.134259
0 0.276302 0.379167 0.050521 0.156481
5 0.395052 0.565278 0.082812 0.102778
5 0.394792 0.915741 0.093750 0.122222
0 0.200260 0.401389 0.081771 0.113889
0 0.740365 0.255556 0.107812 0.098148
6 0.713802 0.906944 0.108854 0.067593
2 0.176042 0.638889 0.093750 0.205556
