6 0.868490 0.588426 0.045312 0.087963
6 0.802344 0.695370 0.072396 0.122222
6 0.791667 0.399074 0.095833 0.059259
6 0.832031 0.835185 0.071354 0.142593
6 0.551302 0.227315 0.054688 0.193519
6 0.903125 0.811574 0.036458 0.193519
3 0.627604 0.644907 0.053125 0.189815
1 0.612760 0.454167 0.082812 0.123148
1 0.551302 0.469444 0.084896 0.088889
1 0.567448 0.642593 0.050521 0.162963
1 0.548438 0.708796 0.066667 0.156481
1 0.537240 0.789352 0.068229 0.152778
1 0.615104 0.849537 0.096875 0.089815
1 0.521094 0.892593 0.074479 0.107407
1 0.513802 0.964352 0.111979 0.067593
6 0.795573 0.938889 0.048438 0.107407
6 0.717187 0.909722 0.091667 0.084259
0 0.744531 0.250926 0.111979 0.088889
6 0.384115 0.355556 0.084896 0.101852
6 0.308333 0.185648 0.058333 0.141667
0 0.278125 0.389815 0.054167 0.155556
0 0.197917 0.398148 0.089583 0.118519
5 0.393490 0.565741 0.077604 0.105556
5 0.395052 0.904167 0.086979 0.087963
6 0.176042 0.519907 0.093750 0.089815
2 0.189062 0.644444 0.061458 0.177778
