1 0.606510 0.445370 0.079687 0.112963
1 0.544531 0.475000 0.078646 0.088889
1 0.575521 0.671296 0.054167 0.151852
1 0.551042 0.704630 0.059375 0.161111
1 0.539844 0.784722 0.069271 0.139815
1 0.608854 0.863889 0.094792 0.064815
1 0.513542 0.883796 0.093750 0.093519
1 0.519010 0.959722 0.102604 0.062037
0 0.741927 0.256019 0.106771 0.093519
0 0.823177 0.404630 0.083854 0.164815
0 0.234375 0.182870 0.059375 0.136111
0 0.197917 0.402315 0.097917 0.115741
6 0.546615 0.220370 0.046354 0.168519
6 0.382031 0.346759 0.080729 0.091667
6 0.865365 0.588426 0.043229 0.073148
6 0.828646 0.837037 0.050000 0.153704
5 0.395573 0.576852 0.075521 0.096296
5 0.396875 0.915741 0.091667 0.100000
6 0.907292 0.685648 0.034375 0.184259
