1 0.609375 0.452778 0.091667 0.105556
1 0.548698 0.469444 0.075521 0.088889
3 0.627083 0.673148 0.060417 0.231481
1 0.577865 0.660648 0.046354 0.145370
1 0.545833 0.706944 0.069792 0.149074
1 0.540625 0.777778 0.063542 0.150000
0 0.740365 0.262500 0.103646 0.099074
0 0.230990 0.181944 0.046354 0.130556
0 0.279687 0.388889 0.053125 0.161111
0 0.200781 0.400000 0.082812 0.114815
6 0.386719 0.355556 0.083854 0.094444
6 0.867448 0.593981 0.041146 0.073148
6 0.904167 0.759722 0.036458 0.189815
6 0.832292 0.834259 0.057292 0.151852
6 0.726302 0.913426 0.088021 0.076852
6 0.543750 0.225000 0.053125 0.177778
6 0.309635 0.184722 0.048438 0.143519
5 0.398698 0.922222 0.088021 0.109259
1 0.606250 0.846759 0.087500 0.080556
1 0.520833 0.892593 0.095833 0.118519
1 0.515104 0.966667 0.116667 0.062963
