6 0.371875 0.874537 0.068750 0.147222
6 0.765104 0.611111 0.056250 0.161111
6 0.807031 0.420833 0.075521 0.075000
6 0.467187 0.181019 0.051042 0.089815
6 0.873958 0.718519 0.038542 0.129630
6 0.888281 0.841204 0.048438 0.137963
1 0.555469 0.418519 0.052604 0.144444
1 0.587240 0.519907 0.051562 0.132407
1 0.615104 0.393056 0.066667 0.130556
1 0.515625 0.725463 0.095833 0.089815
1 0.536198 0.919444 0.044271 0.092593
1 0.597656 0.864815 0.082812 0.098148
3 0.302083 0.411111 0.067708 0.116667
0 0.241927 0.440278 0.030729 0.199074
0 0.201042 0.428241 0.035417 0.182407
5 0.298958 0.191667 0.063542 0.125926
5 0.854948 0.529630 0.050521 0.101852
5 0.894531 0.495833 0.051562 0.130556
5 0.410938 0.612963 0.065625 0.096296
5 0.432812 0.371759 0.087500 0.130556
2 0.011719 0.620833 0.023438 0.156481
