0 0.741927 0.260185 0.117188 0.103704
0 0.823437 0.404167 0.068750 0.173148
6 0.543490 0.198148 0.050521 0.162963
6 0.384115 0.355556 0.080729 0.124074
6 0.443490 0.455093 0.052604 0.197222
6 0.864844 0.582407 0.040104 0.088889
6 0.916406 0.683333 0.038021 0.166667
6 0.832552 0.844907 0.054688 0.141667
0 0.229948 0.176389 0.044271 0.141667
1 0.610938 0.451852 0.084375 0.103704
1 0.619531 0.660185 0.079687 0.177778
1 0.581510 0.739815 0.044271 0.164815
1 0.602083 0.852315 0.093750 0.069444
1 0.523698 0.679167 0.073438 0.154630
1 0.515365 0.893519 0.078646 0.116667
1 0.514583 0.969444 0.093750 0.061111
0 0.279427 0.373611 0.048438 0.180556
0 0.205729 0.398611 0.090625 0.130556
6 0.308594 0.187963 0.052604 0.164815
