0 0.198698 0.437963 0.046354 0.181481
0 0.232552 0.447222 0.043229 0.174074
0 0.752865 0.315741 0.076563 0.172222
5 0.853906 0.526852 0.056771 0.125926
6 0.833594 0.796296 0.044271 0.159259
6 0.761458 0.706019 0.035417 0.197222
6 0.426302 0.270370 0.082812 0.107407
5 0.406771 0.610185 0.069792 0.120370
5 0.349740 0.479630 0.074479 0.109259
6 0.392188 0.815278 0.066667 0.128704
1 0.617708 0.376389 0.062500 0.139815
1 0.555469 0.421296 0.054688 0.161111
1 0.584115 0.503704 0.045312 0.153704
1 0.514583 0.720370 0.104167 0.088889
1 0.531771 0.933796 0.055208 0.121296
3 0.310937 0.345833 0.069792 0.175000
2 0.016667 0.643981 0.033333 0.134259
