2 0.013542 0.637963 0.027083 0.175926
6 0.757552 0.588889 0.049479 0.174074
6 0.868750 0.723148 0.034375 0.155556
6 0.888021 0.833333 0.054167 0.114815
6 0.818750 0.420370 0.092708 0.062963
5 0.901302 0.497222 0.052604 0.151852
5 0.298438 0.188889 0.060417 0.127778
1 0.550521 0.410648 0.058333 0.150926
1 0.587760 0.519444 0.054688 0.114815
1 0.610938 0.381944 0.075000 0.136111
1 0.519010 0.725926 0.102604 0.096296
1 0.601823 0.842130 0.070312 0.100926
1 0.539844 0.927315 0.043229 0.130556
0 0.198177 0.431019 0.047396 0.180556
0 0.225260 0.443056 0.053646 0.197222
0 0.773177 0.246296 0.054688 0.120370
3 0.304948 0.393981 0.071354 0.147222
6 0.464583 0.187963 0.058333 0.122222
