3 0.302083 0.390741 0.065625 0.150000
0 0.238542 0.448148 0.035417 0.218519
0 0.200521 0.440278 0.038542 0.187963
1 0.521094 0.716204 0.098437 0.095370
1 0.551042 0.427315 0.057292 0.145370
1 0.588802 0.513426 0.046354 0.112037
1 0.615885 0.395370 0.068229 0.162963
1 0.536719 0.925463 0.057812 0.126852
5 0.402604 0.600926 0.065625 0.105556
5 0.848177 0.523148 0.045312 0.103704
5 0.898698 0.490278 0.047396 0.123148
6 0.797396 0.417593 0.096875 0.064815
6 0.769792 0.651852 0.031250 0.220370
6 0.780729 0.826389 0.081250 0.193519
6 0.871354 0.716667 0.035417 0.150000
6 0.890104 0.836111 0.044792 0.148148
6 0.379427 0.824537 0.083854 0.147222
6 0.714583 0.200463 0.036458 0.197222
6 0.417187 0.255556 0.062500 0.127778
2 0.011979 0.634722 0.023958 0.147222
