6 0.466406 0.183796 0.045312 0.126852
6 0.755469 0.565278 0.051562 0.191667
6 0.784635 0.785648 0.047396 0.199074
6 0.873958 0.726852 0.026042 0.159259
6 0.891146 0.831481 0.050000 0.118519
1 0.518490 0.720370 0.103646 0.068519
1 0.594271 0.835185 0.061458 0.118519
1 0.532552 0.920370 0.049479 0.109259
1 0.554427 0.424074 0.064062 0.162963
1 0.582031 0.537500 0.049479 0.143519
1 0.612500 0.391667 0.063542 0.162963
5 0.894792 0.492130 0.061458 0.130556
5 0.300000 0.191667 0.063542 0.125926
0 0.773177 0.223148 0.068229 0.074074
0 0.238021 0.425463 0.038542 0.180556
0 0.207812 0.432407 0.034375 0.170370
5 0.429427 0.364815 0.093229 0.109259
3 0.303125 0.391204 0.065625 0.134259
2 0.016667 0.631481 0.033333 0.155556
