2 0.015625 0.631019 0.031250 0.150926
0 0.775781 0.211111 0.085938 0.053704
0 0.203646 0.430093 0.032292 0.158333
0 0.233854 0.434722 0.056250 0.180556
6 0.758594 0.565278 0.049479 0.202778
6 0.841667 0.413889 0.092708 0.057407
3 0.296875 0.400463 0.057292 0.126852
6 0.788802 0.787037 0.043229 0.172222
6 0.871094 0.717130 0.040104 0.132407
6 0.891927 0.842130 0.044271 0.128704
1 0.556771 0.411111 0.059375 0.166667
1 0.614844 0.369907 0.068229 0.130556
1 0.582552 0.516667 0.038021 0.109259
1 0.524479 0.721296 0.091667 0.066667
1 0.589323 0.831481 0.073438 0.114815
1 0.535677 0.913889 0.043229 0.114815
5 0.894531 0.493981 0.045312 0.126852
5 0.849740 0.528704 0.048438 0.114815
5 0.432031 0.365741 0.088021 0.100000
5 0.300000 0.190741 0.059375 0.127778
6 0.465104 0.187500 0.063542 0.137963
