6 0.418490 0.249074 0.080729 0.122222
6 0.770573 0.642130 0.045312 0.199074
3 0.294271 0.409722 0.062500 0.130556
5 0.408854 0.609259 0.071875 0.100000
5 0.851823 0.528704 0.050521 0.122222
5 0.260677 0.870833 0.075521 0.078704
5 0.295833 0.190741 0.057292 0.120370
0 0.232813 0.447685 0.034375 0.197222
0 0.200000 0.431481 0.057292 0.168519
1 0.551823 0.407870 0.049479 0.137963
1 0.522656 0.715741 0.092188 0.062963
1 0.587240 0.515278 0.049479 0.137963
1 0.614844 0.380093 0.054688 0.128704
1 0.536198 0.920370 0.038021 0.101852
6 0.808073 0.425000 0.083854 0.053704
6 0.869792 0.718056 0.034375 0.141667
6 0.895312 0.827315 0.036458 0.149074
6 0.790885 0.805556 0.051562 0.174074
6 0.384115 0.831481 0.076563 0.118519
2 0.011719 0.630556 0.023438 0.161111
