0 0.748958 0.316204 0.084375 0.160185
0 0.196094 0.435648 0.041146 0.178704
0 0.233854 0.425463 0.042708 0.195370
3 0.302604 0.401389 0.066667 0.128704
5 0.408333 0.602778 0.072917 0.112963
5 0.851302 0.533796 0.049479 0.139815
1 0.551042 0.427315 0.057292 0.173148
1 0.616406 0.378241 0.059896 0.136111
1 0.585156 0.514352 0.041146 0.132407
1 0.516146 0.724074 0.096875 0.096296
1 0.588802 0.946296 0.080729 0.096296
6 0.887760 0.826389 0.047396 0.132407
1 0.534635 0.921759 0.047396 0.137963
6 0.434115 0.273148 0.107812 0.109259
2 0.019531 0.649537 0.039062 0.156481
