6 0.254536 0.568100 0.111895 0.078853
6 0.254032 0.637993 0.102823 0.060932
6 0.730343 0.689068 0.077621 0.127240
6 0.697581 0.526882 0.104839 0.093190
1 0.489415 0.674731 0.121976 0.062724
1 0.473286 0.522401 0.091734 0.123656
6 0.329637 0.251792 0.125000 0.073477
6 0.526714 0.250896 0.065524 0.146953
6 0.538810 0.408602 0.051411 0.193548
6 0.446069 0.274194 0.055444 0.136201
6 0.472278 0.328853 0.083669 0.098566
6 0.695565 0.332437 0.082661 0.130824
6 0.642137 0.136201 0.056452 0.179211
6 0.552923 0.132616 0.045363 0.161290
6 0.887601 0.227599 0.037298 0.093190
6 0.807460 0.733871 0.058468 0.105735