1 0.616406 0.414815 0.088021 0.105556
1 0.590625 0.619907 0.062500 0.147222
1 0.561458 0.787963 0.040625 0.162963
1 0.586198 0.921759 0.081771 0.080556
3 0.298438 0.437963 0.062500 0.124074
0 0.756771 0.337037 0.091667 0.150000
0 0.790365 0.397222 0.056771 0.155556
0 0.205208 0.436111 0.025000 0.162963
0 0.181250 0.425926 0.032292 0.170370
6 0.877344 0.743519 0.045312 0.168519
6 0.909115 0.788426 0.042188 0.158333
6 0.408594 0.606944 0.107812 0.087963
6 0.369531 0.750000 0.067187 0.170370
5 0.898698 0.499074 0.049479 0.140741
6 0.832292 0.861111 0.035417 0.140741
6 0.252865 0.103704 0.046354 0.122222
6 0.312500 0.172222 0.084375 0.107407
2 0.011719 0.637037 0.023438 0.166667
