0 0.212500 0.430093 0.034375 0.154630
6 0.263542 0.084259 0.041667 0.114815
6 0.872917 0.750000 0.034375 0.135185
6 0.376563 0.742593 0.097917 0.124074
6 0.368490 0.412037 0.090104 0.111111
5 0.350260 0.491204 0.075521 0.121296
5 0.890625 0.493056 0.059375 0.125000
1 0.556771 0.425463 0.061458 0.152778
1 0.604427 0.394444 0.036979 0.164815
1 0.575260 0.724074 0.041146 0.133333
1 0.582552 0.572685 0.044271 0.123148
1 0.518229 0.707870 0.096875 0.078704
1 0.542708 0.796759 0.035417 0.095370
1 0.505729 0.931019 0.097917 0.095370
6 0.414323 0.603241 0.102604 0.091667
6 0.907292 0.791204 0.026042 0.180556
6 0.839062 0.844907 0.061458 0.156481
3 0.271875 0.435648 0.063542 0.128704
6 0.715625 0.214815 0.054167 0.168519
6 0.291927 0.195370 0.053646 0.125926
2 0.011198 0.635185 0.022396 0.151852
