3 0.271615 0.445370 0.077604 0.131481
6 0.715625 0.220833 0.056250 0.136111
6 0.877083 0.746296 0.034375 0.151852
6 0.903646 0.800000 0.037500 0.170370
6 0.368490 0.403704 0.090104 0.109259
5 0.355990 0.485648 0.080729 0.117593
5 0.294010 0.194444 0.075521 0.120370
6 0.258594 0.079630 0.041146 0.094444
5 0.405208 0.604630 0.072917 0.098148
6 0.369010 0.745370 0.076563 0.122222
1 0.557292 0.426389 0.066667 0.150926
1 0.603906 0.402315 0.050521 0.180556
1 0.578385 0.568056 0.046354 0.132407
1 0.578125 0.712500 0.046875 0.123148
1 0.518229 0.708796 0.088542 0.052778
1 0.548177 0.788426 0.046354 0.082407
1 0.507552 0.928241 0.095312 0.067593
0 0.206771 0.435648 0.064583 0.197222
2 0.011979 0.632870 0.023958 0.139815
