6 0.877604 0.738426 0.039583 0.154630
6 0.904687 0.792130 0.041667 0.147222
6 0.836198 0.825926 0.051562 0.153704
6 0.716667 0.234722 0.056250 0.158333
6 0.717708 0.412963 0.054167 0.185185
6 0.407292 0.200463 0.068750 0.147222
6 0.255990 0.083333 0.046354 0.127778
6 0.370052 0.737500 0.084896 0.119444
3 0.272656 0.455093 0.075521 0.154630
5 0.354167 0.491204 0.067708 0.128704
5 0.300000 0.197222 0.067708 0.122222
5 0.410417 0.604630 0.086458 0.098148
5 0.432031 0.351389 0.081771 0.097222
1 0.557292 0.432870 0.058333 0.156481
1 0.616406 0.400463 0.065104 0.149074
1 0.586719 0.569907 0.064062 0.158333
1 0.584115 0.711111 0.043229 0.161111
1 0.513021 0.708796 0.094792 0.065741
1 0.546354 0.787037 0.058333 0.107407
1 0.505990 0.926389 0.108854 0.071296
5 0.899219 0.496296 0.056771 0.129630
2 0.013021 0.634722 0.026042 0.136111
