0 0.371615 0.752778 0.079687 0.122222
0 0.404427 0.198611 0.078646 0.139815
0 0.710677 0.243519 0.064062 0.175926
0 0.712760 0.414815 0.078646 0.144444
0 0.844792 0.842130 0.040625 0.121296
0 0.871615 0.741204 0.043229 0.141667
0 0.897656 0.806944 0.055729 0.141667
3 0.279427 0.456019 0.076563 0.123148
5 0.356771 0.485648 0.070833 0.117593
5 0.433594 0.363889 0.074479 0.114815
5 0.402865 0.606481 0.075521 0.098148
0 0.214323 0.433333 0.045312 0.168519
0 0.266146 0.332407 0.044792 0.087037
5 0.300521 0.186574 0.056250 0.125000
1 0.556771 0.419444 0.059375 0.161111
1 0.607812 0.390741 0.084375 0.133333
1 0.586198 0.574537 0.047396 0.149074
1 0.520312 0.709722 0.092708 0.060185
1 0.592187 0.779630 0.039583 0.153704
1 0.541667 0.786574 0.065625 0.089815
1 0.509635 0.929167 0.090104 0.062037
5 0.902344 0.476852 0.050521 0.150000
2 0.014063 0.629167 0.028125 0.136111
