3 0.311458 0.450463 0.064583 0.126852
0 0.755990 0.342593 0.068229 0.157407
0 0.789323 0.393519 0.056771 0.170370
0 0.211198 0.425926 0.025521 0.166667
0 0.175781 0.431944 0.039062 0.171296
6 0.252865 0.104630 0.044271 0.116667
6 0.311979 0.171759 0.063542 0.128704
6 0.385417 0.187500 0.095833 0.076852
6 0.370573 0.750926 0.073438 0.157407
5 0.430469 0.362963 0.080729 0.105556
1 0.554948 0.427315 0.051562 0.156481
1 0.610417 0.402315 0.097917 0.099074
1 0.599219 0.616204 0.057812 0.143519
1 0.564844 0.774537 0.043229 0.189815
6 0.406250 0.610185 0.096875 0.081481
5 0.896615 0.493056 0.049479 0.136111
6 0.876042 0.737963 0.036458 0.168519
6 0.907552 0.789352 0.045312 0.130556
6 0.836719 0.868056 0.046354 0.152778
1 0.588281 0.923611 0.088021 0.091667
2 0.013021 0.643519 0.026042 0.161111
