1 0.553385 0.426389 0.056771 0.158333
1 0.615885 0.401389 0.091146 0.132407
1 0.580729 0.565278 0.058333 0.145370
1 0.513542 0.705556 0.083333 0.055556
1 0.586719 0.719444 0.044271 0.151852
1 0.542969 0.784259 0.041146 0.105556
1 0.504167 0.938426 0.092708 0.073148
6 0.406250 0.206019 0.062500 0.147222
6 0.715104 0.244444 0.069792 0.170370
6 0.717187 0.417593 0.061458 0.157407
6 0.876563 0.749074 0.043750 0.146296
6 0.843750 0.830556 0.052083 0.131481
6 0.371354 0.744444 0.085417 0.127778
3 0.271094 0.450463 0.076563 0.126852
5 0.436458 0.364815 0.088542 0.112963
5 0.349219 0.490741 0.069271 0.118519
5 0.894010 0.488426 0.046354 0.141667
5 0.414323 0.605093 0.084896 0.084259
5 0.297396 0.190278 0.058333 0.136111
6 0.906771 0.797685 0.043750 0.147222
2 0.013542 0.633796 0.027083 0.137963
