1 0.552865 0.446296 0.045312 0.157407
1 0.616406 0.386574 0.075521 0.141667
1 0.583073 0.566204 0.045312 0.158333
1 0.520312 0.709722 0.096875 0.075000
1 0.585677 0.718519 0.044271 0.153704
1 0.561198 0.906481 0.045312 0.103704
1 0.506771 0.925926 0.063542 0.059259
5 0.351302 0.490278 0.063021 0.130556
3 0.275260 0.432870 0.054688 0.106481
5 0.406771 0.605556 0.079167 0.107407
6 0.705729 0.243519 0.052083 0.168519
6 0.718229 0.421296 0.067708 0.153704
6 0.404167 0.194444 0.052083 0.148148
6 0.366927 0.746296 0.082812 0.127778
5 0.434635 0.360185 0.082812 0.111111
5 0.298958 0.195370 0.061458 0.129630
5 0.897656 0.482870 0.051562 0.141667
6 0.876302 0.748148 0.049479 0.162963
6 0.847135 0.838426 0.053646 0.132407
1 0.548438 0.793056 0.064583 0.102778
2 0.012500 0.632870 0.025000 0.147222
