6 0.410156 0.604167 0.104688 0.078704
6 0.366667 0.747222 0.063542 0.153704
6 0.877083 0.742593 0.032292 0.174074
6 0.903385 0.793981 0.044271 0.162037
6 0.833333 0.875463 0.033333 0.145370
3 0.301042 0.452778 0.067708 0.101852
0 0.203646 0.435648 0.040625 0.204630
0 0.752083 0.335185 0.088542 0.142593
0 0.793229 0.395370 0.066667 0.170370
5 0.892448 0.496296 0.049479 0.125926
6 0.253646 0.097685 0.037500 0.130556
6 0.307292 0.170370 0.060417 0.125926
1 0.551823 0.419444 0.055729 0.164815
1 0.619531 0.417593 0.088021 0.100000
1 0.600781 0.622685 0.048438 0.152778
1 0.567969 0.784722 0.051562 0.193519
1 0.586198 0.923611 0.081771 0.091667
5 0.424479 0.361111 0.090625 0.090741
2 0.012500 0.637037 0.025000 0.170370
