6 0.400260 0.201389 0.056771 0.145370
6 0.486719 0.171759 0.082812 0.093519
6 0.705990 0.249074 0.047396 0.142593
6 0.712500 0.398611 0.092708 0.134259
6 0.871615 0.741204 0.043229 0.137963
6 0.838281 0.811111 0.045312 0.124074
6 0.260677 0.084259 0.051562 0.107407
5 0.294792 0.193519 0.065625 0.122222
5 0.900521 0.489352 0.035417 0.121296
5 0.355208 0.492593 0.095833 0.118519
5 0.435156 0.360185 0.079687 0.107407
5 0.400781 0.607407 0.077604 0.100000
3 0.273698 0.440741 0.088021 0.157407
0 0.212760 0.432407 0.058854 0.162963
6 0.372396 0.748148 0.089583 0.127778
1 0.613281 0.388889 0.077604 0.125926
1 0.555990 0.420370 0.067187 0.170370
1 0.584115 0.556481 0.055729 0.155556
1 0.518750 0.710648 0.097917 0.065741
1 0.541406 0.796296 0.054688 0.101852
1 0.556510 0.895833 0.042188 0.097222
1 0.503646 0.932870 0.093750 0.091667
0 0.275781 0.351389 0.055729 0.136111
2 0.011198 0.638889 0.022396 0.148148
