6 0.255469 0.109259 0.045312 0.129630
6 0.408333 0.601389 0.098958 0.065741
6 0.373958 0.752778 0.060417 0.157407
6 0.873437 0.732870 0.039583 0.147222
6 0.909896 0.618981 0.037500 0.126852
5 0.899219 0.499074 0.050521 0.131481
0 0.753125 0.325926 0.086458 0.111111
0 0.792188 0.399074 0.058333 0.174074
1 0.621615 0.395370 0.083854 0.105556
1 0.558333 0.416667 0.066667 0.131481
1 0.597396 0.610185 0.055208 0.148148
1 0.569010 0.766204 0.051562 0.160185
1 0.590885 0.924537 0.074479 0.078704
3 0.292448 0.471296 0.070312 0.114815
6 0.832031 0.865741 0.053646 0.150000
0 0.206250 0.435185 0.029167 0.172222
6 0.906250 0.793981 0.046875 0.150926
2 0.012500 0.642593 0.025000 0.162963
