0 0.276823 0.186574 0.103646 0.143519
0 0.758073 0.343056 0.084896 0.149074
0 0.790625 0.400463 0.059375 0.160185
0 0.207812 0.425000 0.058333 0.175926
0 0.288802 0.434722 0.065104 0.126852
6 0.384115 0.240278 0.078646 0.182407
6 0.916406 0.612037 0.052604 0.120370
6 0.876042 0.731944 0.038542 0.156481
6 0.258073 0.089815 0.046354 0.122222
6 0.405208 0.600000 0.096875 0.050000
6 0.378385 0.756944 0.075521 0.137963
1 0.617969 0.401389 0.076563 0.097222
1 0.557813 0.413889 0.063542 0.125926
1 0.561979 0.323611 0.059375 0.134259
1 0.598698 0.606019 0.044271 0.132407
1 0.567187 0.773148 0.037500 0.155556
1 0.593750 0.922222 0.090625 0.094444
5 0.899740 0.492130 0.071354 0.134259
6 0.829427 0.864815 0.046354 0.109259
6 0.798438 0.178241 0.068750 0.106481
2 0.014583 0.637037 0.029167 0.151852
