6 0.259635 0.083333 0.039062 0.159259
6 0.917187 0.618056 0.060417 0.128704
6 0.879687 0.734722 0.033333 0.162037
6 0.834375 0.869444 0.031250 0.111111
6 0.379167 0.245370 0.062500 0.164815
6 0.377083 0.755093 0.084375 0.137963
0 0.283333 0.198611 0.103125 0.147222
0 0.798958 0.408796 0.067708 0.186111
0 0.753385 0.353241 0.077604 0.150926
3 0.289844 0.443519 0.065104 0.127778
5 0.430469 0.362037 0.068229 0.114815
5 0.895833 0.496759 0.059375 0.132407
1 0.567969 0.331481 0.075521 0.107407
1 0.557031 0.439352 0.071354 0.093519
1 0.622396 0.407407 0.095833 0.112963
1 0.597656 0.618056 0.044271 0.150926
1 0.566146 0.768056 0.031250 0.152778
1 0.594531 0.929167 0.078646 0.076852
1 0.527865 0.849537 0.049479 0.121296
0 0.211979 0.421296 0.063542 0.164815
2 0.012500 0.629630 0.025000 0.159259
