1 0.620833 0.412037 0.101042 0.114815
1 0.555469 0.428241 0.052604 0.158333
1 0.596615 0.612963 0.048438 0.129630
1 0.566927 0.768519 0.039062 0.168519
1 0.586719 0.923611 0.084896 0.087963
5 0.900260 0.496296 0.056771 0.129630
6 0.877083 0.741667 0.028125 0.164815
6 0.835156 0.862963 0.045312 0.131481
6 0.257552 0.112037 0.034896 0.127778
6 0.409896 0.607407 0.091667 0.064815
6 0.373958 0.757870 0.070833 0.136111
6 0.383854 0.236574 0.062500 0.178704
3 0.296875 0.437037 0.065625 0.107407
0 0.214583 0.425000 0.060417 0.172222
0 0.755990 0.340278 0.074479 0.147222
0 0.792448 0.390741 0.052604 0.175926
2 0.013021 0.641667 0.026042 0.146296
