0 0.755469 0.344907 0.083854 0.149074
0 0.800260 0.402315 0.050521 0.180556
0 0.209375 0.422685 0.059375 0.182407
3 0.288281 0.437037 0.052604 0.103704
6 0.912500 0.609259 0.062500 0.122222
6 0.878125 0.732407 0.040625 0.159259
6 0.834375 0.875463 0.033333 0.102778
6 0.378906 0.279630 0.046354 0.146296
5 0.900260 0.490278 0.050521 0.119444
5 0.429427 0.353704 0.086979 0.124074
6 0.404687 0.603241 0.100000 0.080556
6 0.373958 0.755093 0.068750 0.137963
1 0.564583 0.449074 0.058333 0.148148
1 0.597917 0.620833 0.056250 0.130556
1 0.530729 0.818981 0.061458 0.125000
1 0.586719 0.937500 0.080729 0.082407
0 0.281250 0.181019 0.118750 0.150926
2 0.017188 0.628241 0.034375 0.137963
