0 0.791406 0.397222 0.056771 0.170370
0 0.753385 0.351389 0.077604 0.154630
3 0.288281 0.455556 0.072396 0.111111
0 0.209635 0.431019 0.058854 0.180556
6 0.377865 0.757870 0.072396 0.143519
6 0.407812 0.608333 0.091667 0.066667
6 0.832812 0.864815 0.034375 0.127778
6 0.877083 0.743519 0.036458 0.172222
6 0.255990 0.104630 0.042188 0.116667
5 0.895573 0.499537 0.051562 0.137963
5 0.429427 0.363889 0.086979 0.129630
6 0.382031 0.207870 0.091146 0.125000
6 0.687500 0.807870 0.107292 0.086111
1 0.613281 0.416667 0.083854 0.112963
1 0.597656 0.614815 0.052604 0.164815
1 0.566406 0.775926 0.040104 0.179630
1 0.594792 0.927315 0.068750 0.080556
2 0.011198 0.638889 0.022396 0.170370
