6 0.886458 0.740741 0.057292 0.159259
6 0.914844 0.592593 0.071354 0.116667
6 0.831250 0.878241 0.031250 0.128704
6 0.373437 0.760648 0.061458 0.134259
6 0.404167 0.607870 0.101042 0.086111
0 0.288021 0.183796 0.095833 0.145370
3 0.286198 0.462500 0.056771 0.125000
6 0.370833 0.406944 0.096875 0.128704
5 0.429167 0.352778 0.093750 0.114815
1 0.567969 0.337037 0.049479 0.122222
1 0.608333 0.402315 0.081250 0.119444
1 0.597917 0.611111 0.058333 0.150000
1 0.542448 0.773148 0.050521 0.162963
1 0.566927 0.796296 0.039062 0.112963
1 0.590625 0.931944 0.070833 0.089815
0 0.757031 0.328704 0.086979 0.177778
0 0.792188 0.393519 0.066667 0.177778
0 0.209115 0.426852 0.053646 0.161111
2 0.011719 0.643981 0.023438 0.134259
