6 0.255990 0.112037 0.042188 0.120370
6 0.383333 0.239352 0.063542 0.173148
6 0.686198 0.802778 0.077604 0.153704
6 0.406771 0.617593 0.095833 0.101852
6 0.375000 0.764352 0.077083 0.134259
6 0.880469 0.738426 0.039062 0.150926
6 0.834635 0.861111 0.044271 0.135185
3 0.291667 0.428241 0.063542 0.128704
0 0.798958 0.396296 0.051042 0.157407
0 0.756510 0.341204 0.077604 0.141667
1 0.549479 0.416667 0.056250 0.148148
1 0.614323 0.404630 0.107812 0.107407
1 0.593750 0.604630 0.075000 0.116667
1 0.561458 0.766204 0.038542 0.160185
1 0.590625 0.936574 0.090625 0.084259
5 0.894010 0.493981 0.050521 0.134259
0 0.300000 0.188426 0.100000 0.132407
2 0.012500 0.636111 0.025000 0.153704
