0 0.283333 0.191667 0.086458 0.153704
0 0.207552 0.432407 0.046354 0.162963
3 0.318490 0.462963 0.074479 0.120370
0 0.752604 0.343056 0.089583 0.156481
0 0.796875 0.412037 0.048958 0.172222
1 0.557031 0.432870 0.053646 0.137963
1 0.620052 0.405093 0.086979 0.097222
1 0.592187 0.612037 0.059375 0.135185
1 0.530208 0.794907 0.042708 0.149074
1 0.567448 0.767130 0.056771 0.182407
1 0.583594 0.928241 0.100521 0.071296
6 0.407812 0.600463 0.097917 0.078704
6 0.373958 0.759722 0.072917 0.150926
6 0.873437 0.734259 0.035417 0.162963
5 0.899740 0.496759 0.051562 0.132407
6 0.833073 0.870833 0.039062 0.139815
2 0.013021 0.632870 0.026042 0.150926
