1 0.555469 0.432870 0.058854 0.156481
1 0.620573 0.403241 0.075521 0.117593
1 0.592708 0.617130 0.044792 0.137963
1 0.535937 0.767130 0.067708 0.143519
1 0.571615 0.801852 0.044271 0.124074
1 0.590625 0.938889 0.086458 0.100000
0 0.788021 0.423148 0.063542 0.179630
0 0.752344 0.346759 0.077604 0.149074
0 0.281771 0.183796 0.102083 0.123148
0 0.209115 0.441204 0.049479 0.189815
3 0.300000 0.453704 0.063542 0.107407
6 0.404687 0.611111 0.100000 0.092593
6 0.379427 0.756019 0.079687 0.139815
6 0.871354 0.362963 0.085417 0.101852
6 0.874479 0.730556 0.037500 0.159259
6 0.860417 0.808796 0.085417 0.087963
6 0.916927 0.602315 0.069271 0.136111
6 0.832031 0.873611 0.051562 0.130556
2 0.011719 0.637963 0.023438 0.133333
