2 0.015104 0.652315 0.030208 0.100926
0 0.261979 0.402315 0.034375 0.176852
0 0.211198 0.442593 0.051562 0.190741
0 0.278646 0.196296 0.100000 0.109259
3 0.329167 0.350463 0.067708 0.102778
0 0.811979 0.410185 0.057292 0.207407
0 0.753385 0.345833 0.045312 0.197222
1 0.558333 0.346759 0.058333 0.130556
1 0.590365 0.444444 0.049479 0.114815
1 0.547917 0.558333 0.055208 0.174074
1 0.575260 0.692593 0.075521 0.120370
1 0.531771 0.798148 0.071875 0.105556
1 0.501823 0.920833 0.108854 0.075000
1 0.574479 0.938889 0.064583 0.103704
6 0.876042 0.738426 0.042708 0.171296
6 0.835156 0.782407 0.075521 0.098148
6 0.836719 0.918519 0.064062 0.148148
6 0.676562 0.839352 0.098958 0.080556
6 0.379427 0.773148 0.071354 0.127778
5 0.411719 0.617130 0.101562 0.126852
