2 0.011979 0.654167 0.023958 0.128704
6 0.881510 0.740278 0.036979 0.158333
6 0.835156 0.784722 0.069271 0.093519
6 0.672396 0.845833 0.101042 0.082407
3 0.328646 0.340278 0.070833 0.150926
6 0.376042 0.773611 0.064583 0.134259
6 0.466406 0.800926 0.047396 0.183333
1 0.555990 0.374537 0.051562 0.143519
1 0.589583 0.433796 0.060417 0.154630
1 0.549479 0.605093 0.052083 0.191667
1 0.528646 0.814815 0.059375 0.120370
1 0.499479 0.925000 0.102083 0.064815
1 0.576302 0.932407 0.075521 0.112963
0 0.814063 0.418519 0.057292 0.188889
0 0.755469 0.351389 0.057812 0.178704
0 0.210156 0.443056 0.057812 0.197222
0 0.260937 0.406019 0.036458 0.199074
0 0.282813 0.197222 0.113542 0.114815
5 0.416406 0.607407 0.106771 0.096296
