0 0.760417 0.350000 0.089583 0.162963
0 0.205729 0.432407 0.066667 0.170370
3 0.306250 0.381944 0.064583 0.125000
6 0.376302 0.770370 0.075521 0.157407
6 0.706510 0.225463 0.044271 0.143519
6 0.874479 0.735648 0.048958 0.180556
6 0.842969 0.787037 0.076563 0.107407
1 0.598177 0.429167 0.055729 0.145370
1 0.601823 0.610185 0.072396 0.120370
1 0.548698 0.562963 0.049479 0.172222
1 0.552344 0.749074 0.040104 0.118519
1 0.522135 0.848611 0.074479 0.102778
1 0.572656 0.931019 0.070312 0.123148
2 0.018229 0.650463 0.036458 0.128704
