3 0.333594 0.355093 0.098437 0.136111
0 0.204687 0.436574 0.058333 0.191667
0 0.256510 0.421296 0.041146 0.225926
0 0.811458 0.406944 0.052083 0.204630
5 0.405208 0.596759 0.086458 0.097222
1 0.598698 0.443519 0.050521 0.116667
1 0.599740 0.618056 0.054688 0.147222
1 0.551823 0.573611 0.053646 0.178704
1 0.538281 0.816667 0.064062 0.109259
1 0.504427 0.930093 0.101562 0.089815
1 0.572917 0.937037 0.065625 0.107407
6 0.879427 0.749074 0.051562 0.172222
6 0.837760 0.780556 0.068229 0.109259
2 0.021094 0.637963 0.042188 0.107407
