0 0.207552 0.441667 0.072396 0.185185
0 0.277344 0.305093 0.050521 0.082407
3 0.331510 0.326389 0.072396 0.125000
0 0.763542 0.352315 0.089583 0.134259
1 0.594792 0.603241 0.066667 0.134259
1 0.546875 0.741667 0.039583 0.122222
1 0.507552 0.871759 0.071354 0.091667
1 0.563802 0.929167 0.077604 0.102778
6 0.373958 0.757870 0.066667 0.143519
6 0.878646 0.738426 0.057292 0.178704
6 0.850781 0.791204 0.086979 0.091667
6 0.639583 0.821759 0.089583 0.087963
1 0.593229 0.430093 0.067708 0.162037
6 0.702604 0.238889 0.050000 0.162963
6 0.296875 0.181019 0.069792 0.154630
2 0.011198 0.645370 0.022396 0.118519
