0 0.753125 0.349537 0.068750 0.150926
3 0.313542 0.357407 0.075000 0.101852
0 0.203646 0.436111 0.052083 0.177778
1 0.566146 0.358333 0.065625 0.133333
1 0.589844 0.464352 0.046354 0.093519
1 0.610938 0.612500 0.064583 0.136111
1 0.554167 0.560648 0.061458 0.189815
1 0.540625 0.825463 0.061458 0.126852
1 0.572396 0.934722 0.064583 0.119444
6 0.378125 0.769907 0.066667 0.149074
5 0.408854 0.612037 0.087500 0.109259
6 0.876823 0.745370 0.048438 0.168519
6 0.835156 0.791667 0.071354 0.111111
6 0.909896 0.597685 0.065625 0.145370
2 0.010156 0.637037 0.020313 0.116667
