3 0.319531 0.332407 0.089063 0.116667
0 0.205208 0.449537 0.051042 0.197222
0 0.252604 0.425000 0.035417 0.214815
0 0.747135 0.335185 0.046354 0.218519
0 0.810937 0.400000 0.065625 0.172222
1 0.561979 0.358796 0.055208 0.136111
1 0.589844 0.443056 0.050521 0.136111
1 0.552344 0.563889 0.052604 0.170370
1 0.597656 0.617130 0.054688 0.126852
1 0.549740 0.709722 0.049479 0.067593
1 0.538802 0.815741 0.067187 0.114815
1 0.502865 0.930093 0.108854 0.093519
1 0.565625 0.942593 0.058333 0.096296
6 0.524740 0.159722 0.101562 0.086111
6 0.878125 0.739815 0.054167 0.161111
6 0.837240 0.783333 0.065104 0.103704
6 0.669271 0.848611 0.096875 0.095370
5 0.427344 0.362963 0.100521 0.105556
5 0.409375 0.606481 0.088542 0.094444
2 0.022656 0.639815 0.045312 0.114815
