0 0.758073 0.350463 0.082812 0.156481
1 0.563542 0.361111 0.070833 0.151852
1 0.593750 0.447222 0.054167 0.131481
1 0.600260 0.608333 0.047396 0.127778
1 0.555990 0.567130 0.069271 0.173148
1 0.555990 0.738889 0.055729 0.105556
1 0.533594 0.836111 0.073438 0.120370
1 0.573958 0.932870 0.063542 0.123148
3 0.300260 0.395833 0.084896 0.139815
6 0.376042 0.768056 0.066667 0.149074
6 0.827344 0.786574 0.077604 0.100926
6 0.872135 0.743519 0.046354 0.164815
0 0.207812 0.434259 0.058333 0.174074
5 0.407812 0.608796 0.087500 0.084259
5 0.429427 0.360185 0.100521 0.111111
6 0.468229 0.755093 0.073958 0.184259
6 0.921875 0.583333 0.071875 0.120370
2 0.013542 0.643519 0.027083 0.111111
