0 0.207031 0.441667 0.049479 0.188889
0 0.813542 0.405093 0.068750 0.143519
6 0.835156 0.789352 0.077604 0.106481
0 0.871615 0.740278 0.049479 0.158333
1 0.591667 0.435648 0.068750 0.186111
1 0.547656 0.563426 0.045312 0.180556
1 0.598437 0.609259 0.061458 0.122222
1 0.545312 0.724074 0.026042 0.072222
1 0.533333 0.830556 0.042708 0.144444
1 0.486979 0.927315 0.116667 0.119444
1 0.569531 0.937037 0.064062 0.114815
3 0.340885 0.330556 0.110937 0.188889
5 0.407292 0.604630 0.086458 0.105556
6 0.716146 0.214815 0.055208 0.168519
2 0.012500 0.631481 0.025000 0.112963
