2 0.014063 0.643056 0.028125 0.143519
0 0.211719 0.443519 0.035937 0.170370
0 0.263021 0.403241 0.032292 0.175000
0 0.278385 0.187963 0.108854 0.122222
0 0.744271 0.348611 0.033333 0.210185
0 0.816146 0.397685 0.059375 0.193519
1 0.595833 0.425000 0.054167 0.168519
1 0.553906 0.580556 0.053646 0.200000
1 0.531250 0.807407 0.060417 0.098148
1 0.499479 0.923148 0.097917 0.053704
1 0.576042 0.933796 0.059375 0.125000
5 0.405208 0.609259 0.082292 0.088889
3 0.326562 0.338426 0.075000 0.136111
6 0.382031 0.763426 0.076563 0.136111
6 0.677344 0.840278 0.115104 0.086111
6 0.838281 0.788889 0.069271 0.111111
6 0.876823 0.735648 0.050521 0.187963
