6 0.787760 0.782407 0.069271 0.155556
6 0.893490 0.790278 0.049479 0.082407
3 0.732812 0.242593 0.082292 0.120370
5 0.458073 0.428241 0.107812 0.125000
5 0.375521 0.761574 0.057292 0.186111
1 0.615885 0.373611 0.080729 0.115741
1 0.574740 0.429167 0.052604 0.134259
1 0.600781 0.600926 0.066146 0.105556
1 0.549479 0.546759 0.084375 0.136111
0 0.758594 0.351852 0.111979 0.055556
0 0.234896 0.444444 0.052083 0.211111
1 0.523177 0.811574 0.086979 0.093519
1 0.502083 0.944444 0.096875 0.075926
2 0.138021 0.549537 0.040625 0.184259
