1 0.562500 0.414815 0.044792 0.144444
1 0.612760 0.473148 0.072396 0.092593
1 0.604948 0.606944 0.078646 0.091667
1 0.546354 0.637037 0.090625 0.070370
1 0.585156 0.738426 0.039062 0.158333
1 0.513542 0.717130 0.100000 0.086111
1 0.526563 0.815741 0.061458 0.111111
0 0.837500 0.393056 0.032292 0.195370
0 0.748437 0.346759 0.117708 0.076852
0 0.220312 0.438426 0.053125 0.195370
0 0.172917 0.402315 0.089583 0.123148
6 0.893490 0.680093 0.045312 0.160185
6 0.794531 0.744444 0.048438 0.181481
6 0.864323 0.797685 0.055729 0.136111
3 0.595313 0.222222 0.081250 0.092593
