1 0.616927 0.465741 0.076563 0.122222
1 0.563542 0.432407 0.038542 0.109259
1 0.560937 0.529630 0.073958 0.101852
1 0.607292 0.611111 0.065625 0.085185
1 0.514062 0.631019 0.082292 0.071296
1 0.582292 0.725463 0.055208 0.136111
1 0.514062 0.708796 0.092708 0.091667
1 0.527344 0.826389 0.078646 0.132407
1 0.521875 0.927315 0.059375 0.145370
0 0.757031 0.348611 0.117188 0.073148
0 0.838281 0.395833 0.055729 0.182407
0 0.279687 0.418981 0.067708 0.189815
0 0.221094 0.440278 0.051562 0.187963
0 0.177344 0.407870 0.082812 0.126852
3 0.595833 0.222222 0.066667 0.111111
6 0.898698 0.676852 0.055729 0.174074
6 0.861979 0.806481 0.052083 0.122222
6 0.798438 0.731944 0.058333 0.176852
