2 0.016146 0.642593 0.030208 0.101852
0 0.280208 0.187037 0.120833 0.109259
0 0.204167 0.446759 0.053125 0.195370
0 0.748177 0.364352 0.044271 0.191667
0 0.813021 0.410185 0.063542 0.175926
3 0.335677 0.320833 0.080729 0.147222
5 0.407292 0.612037 0.086458 0.109259
6 0.379427 0.764352 0.071354 0.130556
6 0.839062 0.788889 0.065625 0.111111
6 0.875000 0.741667 0.038542 0.172222
1 0.590365 0.442593 0.045312 0.122222
1 0.552083 0.620833 0.061458 0.156481
1 0.531771 0.819907 0.071875 0.115741
1 0.503385 0.925000 0.109896 0.064815
1 0.576042 0.927315 0.059375 0.137963
0 0.261198 0.413889 0.042188 0.207407
6 0.676042 0.844907 0.097917 0.099074
6 0.460156 0.801852 0.053646 0.162963
