3 0.750521 0.242130 0.073958 0.136111
0 0.233333 0.437500 0.051042 0.200926
0 0.757031 0.344907 0.126562 0.080556
1 0.572396 0.427315 0.060417 0.160185
1 0.553125 0.534259 0.059375 0.100000
1 0.602344 0.609722 0.057812 0.082407
1 0.524219 0.824537 0.080729 0.097222
1 0.515104 0.946759 0.084375 0.080556
6 0.782292 0.766204 0.062500 0.119444
5 0.456250 0.431019 0.100000 0.091667
6 0.888542 0.387037 0.031250 0.088889
5 0.367969 0.767130 0.056771 0.175000
6 0.891667 0.800463 0.053125 0.087963
2 0.138021 0.543981 0.040625 0.195370
