6 0.800000 0.716204 0.061458 0.187963
6 0.896615 0.676852 0.057812 0.162963
6 0.867969 0.812037 0.060937 0.122222
3 0.594271 0.234722 0.073958 0.093519
0 0.280208 0.410185 0.064583 0.164815
0 0.220833 0.441204 0.064583 0.189815
0 0.176302 0.406019 0.086979 0.123148
0 0.746094 0.324537 0.113021 0.086111
1 0.632552 0.472222 0.065104 0.120370
1 0.582292 0.411111 0.067708 0.162963
1 0.553385 0.537963 0.066146 0.107407
1 0.607292 0.607407 0.067708 0.092593
1 0.526042 0.704167 0.088542 0.097222
1 0.577604 0.750000 0.040625 0.144444
1 0.523698 0.817130 0.077604 0.117593
