6 0.864323 0.803241 0.053646 0.139815
3 0.642448 0.232870 0.075521 0.132407
0 0.753646 0.346759 0.102083 0.080556
0 0.836719 0.407870 0.040104 0.202778
0 0.230729 0.442593 0.036458 0.200000
0 0.187500 0.402315 0.088542 0.102778
1 0.548958 0.545833 0.055208 0.119444
1 0.575000 0.421759 0.061458 0.145370
1 0.600781 0.604167 0.068229 0.082407
1 0.515104 0.707870 0.094792 0.086111
1 0.527865 0.805556 0.081771 0.112963
1 0.514062 0.869444 0.088542 0.111111
1 0.521094 0.937037 0.072396 0.118519
1 0.899219 0.664815 0.042188 0.157407
