6 0.377083 0.766204 0.064583 0.137963
3 0.318750 0.334259 0.092708 0.131481
0 0.752083 0.353704 0.052083 0.174074
0 0.813542 0.418519 0.062500 0.166667
1 0.591146 0.444907 0.059375 0.137963
1 0.551823 0.633333 0.047396 0.166667
1 0.529948 0.813426 0.077604 0.097222
1 0.502604 0.927315 0.119792 0.069444
1 0.575000 0.932870 0.057292 0.123148
0 0.166146 0.357407 0.092708 0.048148
0 0.204167 0.431019 0.071875 0.180556
0 0.260677 0.406944 0.045312 0.204630
6 0.457031 0.795370 0.043229 0.161111
6 0.875000 0.739815 0.042708 0.168519
5 0.409896 0.613889 0.100000 0.112963
0 0.292187 0.190741 0.098958 0.112963
2 0.015104 0.643519 0.030208 0.103704
