0 0.232813 0.438426 0.050000 0.199074
3 0.741927 0.242593 0.068229 0.120370
0 0.753906 0.349074 0.134896 0.057407
1 0.576042 0.426389 0.057292 0.143519
1 0.596615 0.607407 0.052604 0.096296
1 0.551042 0.547685 0.061458 0.137963
1 0.525781 0.818056 0.079687 0.091667
1 0.508594 0.942130 0.090104 0.087963
6 0.786198 0.758796 0.054688 0.126852
6 0.899219 0.377315 0.042188 0.076852
6 0.891667 0.793056 0.048958 0.076852
5 0.455729 0.433796 0.101042 0.104630
5 0.375781 0.761574 0.048438 0.171296
2 0.139583 0.551389 0.048958 0.199074
