0 0.758594 0.336574 0.109896 0.078704
0 0.834115 0.410185 0.043229 0.207407
0 0.181250 0.400000 0.092708 0.111111
0 0.230729 0.426389 0.038542 0.189815
3 0.652865 0.233796 0.073438 0.141667
1 0.575781 0.417593 0.042188 0.133333
1 0.545312 0.535185 0.072917 0.112963
1 0.596094 0.596759 0.075521 0.089815
1 0.519792 0.707870 0.095833 0.071296
1 0.524219 0.801852 0.074479 0.105556
1 0.516146 0.862500 0.082292 0.137963
1 0.521094 0.946296 0.056771 0.096296
6 0.869010 0.447222 0.050521 0.148148
6 0.865365 0.796759 0.067187 0.130556
6 0.790885 0.793056 0.077604 0.176852
