0 0.166667 0.368519 0.089583 0.062963
0 0.304948 0.256944 0.111979 0.084259
0 0.236458 0.424537 0.041667 0.204630
0 0.757552 0.348611 0.120313 0.091667
5 0.457031 0.428241 0.114062 0.100926
5 0.370052 0.767130 0.050521 0.193519
2 0.134635 0.561574 0.049479 0.202778
6 0.783854 0.771296 0.063542 0.124074
1 0.578646 0.429167 0.044792 0.123148
1 0.615104 0.386111 0.058333 0.127778
1 0.598698 0.593519 0.074479 0.107407
1 0.521615 0.810185 0.088021 0.107407
1 0.509635 0.944444 0.097396 0.092593
6 0.870573 0.679167 0.071354 0.082407
6 0.893229 0.792130 0.056250 0.063889
6 0.891667 0.385648 0.035417 0.078704
