2 0.140625 0.537500 0.045833 0.186111
0 0.237760 0.426389 0.046354 0.200926
0 0.760677 0.354630 0.101562 0.061111
0 0.307552 0.238426 0.117188 0.063889
5 0.573177 0.431944 0.039062 0.132407
5 0.617448 0.384259 0.067187 0.120370
5 0.603385 0.599537 0.067187 0.115741
5 0.527344 0.808796 0.080729 0.087963
5 0.514062 0.939352 0.098958 0.078704
5 0.459115 0.425463 0.105729 0.087963
5 0.372135 0.763426 0.048438 0.162037
6 0.785417 0.763426 0.060417 0.113889
6 0.894792 0.793981 0.055208 0.078704
6 0.891146 0.386574 0.038542 0.087963
