0 0.856771 0.368519 0.052083 0.116667
0 0.295833 0.307407 0.121875 0.062963
0 0.213281 0.419444 0.043229 0.161111
0 0.256510 0.429167 0.065104 0.160185
6 0.901302 0.447685 0.044271 0.143519
6 0.879948 0.820833 0.074479 0.097222
6 0.700000 0.685648 0.061458 0.199074
1 0.604688 0.631944 0.096875 0.069444
1 0.539323 0.710648 0.091146 0.073148
1 0.546875 0.796759 0.106250 0.069444
1 0.603385 0.918056 0.079687 0.137963
6 0.878385 0.944444 0.081771 0.064815
3 0.276042 0.183796 0.094792 0.119444
3 0.019531 0.666667 0.039062 0.122222
6 0.787240 0.159722 0.076563 0.125000
