6 0.887500 0.381944 0.039583 0.078704
6 0.783333 0.770370 0.064583 0.111111
6 0.876823 0.672685 0.050521 0.080556
6 0.890625 0.786574 0.055208 0.078704
0 0.308594 0.240278 0.117188 0.075000
0 0.238802 0.423611 0.052604 0.202778
0 0.759115 0.346759 0.104688 0.087963
5 0.456510 0.429167 0.102604 0.091667
5 0.365365 0.759259 0.057812 0.174074
1 0.570052 0.432870 0.043229 0.126852
1 0.612500 0.382407 0.067708 0.124074
1 0.601302 0.601389 0.065104 0.119444
1 0.523958 0.807407 0.092708 0.094444
1 0.514062 0.942130 0.096875 0.084259
0 0.169010 0.362037 0.075521 0.061111
2 0.136198 0.546759 0.038021 0.189815
