6 0.892188 0.381944 0.038542 0.071296
6 0.876302 0.672222 0.045312 0.068519
6 0.893229 0.784259 0.052083 0.066667
6 0.784896 0.767593 0.057292 0.116667
0 0.304427 0.241204 0.121354 0.080556
0 0.240365 0.424537 0.049479 0.178704
0 0.753906 0.346759 0.113021 0.080556
5 0.458594 0.432870 0.106771 0.099074
2 0.135677 0.545833 0.049479 0.184259
2 0.167969 0.362963 0.085938 0.070370
1 0.575000 0.425926 0.057292 0.116667
1 0.551562 0.532407 0.058333 0.129630
1 0.598177 0.606481 0.073438 0.105556
1 0.529167 0.700000 0.056250 0.170370
1 0.526563 0.812963 0.095833 0.105556
1 0.505208 0.947685 0.090625 0.086111
5 0.369010 0.769444 0.054688 0.170370
