0 0.783073 0.162037 0.078646 0.116667
0 0.863021 0.384259 0.064583 0.120370
0 0.210677 0.431481 0.044271 0.164815
6 0.901823 0.441667 0.053646 0.166667
6 0.903125 0.861111 0.036458 0.138889
6 0.355208 0.442593 0.087500 0.064815
6 0.414323 0.555556 0.050521 0.164815
1 0.541406 0.708796 0.082812 0.080556
1 0.492448 0.881944 0.081771 0.097222
2 0.021615 0.664352 0.043229 0.137963
6 0.701302 0.687963 0.047396 0.207407
6 0.880208 0.951852 0.088542 0.068519
0 0.309115 0.312037 0.107812 0.064815
3 0.276823 0.189815 0.079687 0.129630
