3 0.344271 0.315278 0.081250 0.125000
0 0.810937 0.427778 0.041667 0.224074
0 0.739583 0.309259 0.121875 0.062963
0 0.248438 0.444444 0.041667 0.207407
0 0.215104 0.437500 0.031250 0.182407
0 0.180729 0.425463 0.031250 0.149074
1 0.541927 0.398148 0.101562 0.107407
1 0.637240 0.456019 0.080729 0.099074
1 0.541667 0.492130 0.095833 0.084259
1 0.607292 0.593981 0.085417 0.076852
1 0.536198 0.615741 0.082812 0.109259
1 0.604948 0.672685 0.086979 0.084259
1 0.533333 0.731944 0.062500 0.149074
1 0.520312 0.849537 0.068750 0.197222
1 0.576302 0.884259 0.049479 0.112963
1 0.498958 0.906944 0.103125 0.078704
6 0.870833 0.391667 0.038542 0.144444
6 0.872396 0.704167 0.057292 0.128704
6 0.871094 0.872685 0.044271 0.093519
6 0.712500 0.879167 0.062500 0.176852
3 0.025260 0.672685 0.050521 0.134259
6 0.744531 0.198148 0.039062 0.127778
5 0.140104 0.477315 0.052083 0.137963
