1 0.544531 0.388426 0.104688 0.084259
1 0.636979 0.442593 0.094792 0.107407
1 0.541927 0.493056 0.103646 0.071296
1 0.610417 0.588889 0.089583 0.066667
1 0.529167 0.616667 0.090625 0.107407
1 0.537760 0.723148 0.073438 0.148148
1 0.592187 0.678241 0.085417 0.095370
1 0.571615 0.887963 0.042188 0.116667
1 0.501563 0.916204 0.093750 0.082407
3 0.348698 0.334259 0.084896 0.140741
0 0.809375 0.441667 0.034375 0.235185
5 0.139063 0.476852 0.054167 0.125926
5 0.388021 0.740741 0.084375 0.116667
6 0.870573 0.707870 0.053646 0.117593
6 0.870052 0.403241 0.046354 0.125000
6 0.882552 0.523148 0.047396 0.161111
6 0.872135 0.880093 0.042188 0.086111
0 0.178906 0.423148 0.051562 0.164815
0 0.216927 0.446759 0.046354 0.195370
0 0.242448 0.445833 0.045312 0.193519
6 0.747656 0.188889 0.049479 0.112963
2 0.021094 0.669907 0.042188 0.132407
0 0.741406 0.312037 0.111979 0.068519
