0 0.743490 0.307407 0.111979 0.070370
0 0.247135 0.448148 0.044271 0.179630
0 0.215104 0.447685 0.029167 0.189815
0 0.188542 0.420833 0.066667 0.143519
3 0.346875 0.318056 0.086458 0.115741
1 0.547396 0.381944 0.103125 0.093519
1 0.642188 0.442593 0.092708 0.075926
1 0.538281 0.485648 0.104688 0.063889
1 0.614583 0.588889 0.093750 0.062963
1 0.532292 0.604630 0.082292 0.101852
1 0.594271 0.670833 0.085417 0.084259
1 0.537760 0.710185 0.081771 0.162963
1 0.595833 0.780093 0.042708 0.137963
1 0.569010 0.897222 0.043229 0.116667
1 0.501563 0.917593 0.106250 0.085185
6 0.866146 0.413426 0.060417 0.137963
6 0.891146 0.570833 0.042708 0.169444
6 0.870052 0.700000 0.044271 0.105556
6 0.871875 0.898611 0.032292 0.095370
6 0.760156 0.660648 0.098437 0.095370
5 0.392969 0.744444 0.082812 0.112963
2 0.018229 0.665741 0.036458 0.120370
6 0.746875 0.192593 0.040625 0.116667
