2 0.021615 0.671759 0.043229 0.132407
0 0.247396 0.442130 0.041667 0.195370
0 0.222396 0.441204 0.029167 0.200926
0 0.192708 0.417593 0.062500 0.161111
0 0.741927 0.309722 0.108854 0.082407
6 0.749479 0.191667 0.048958 0.111111
1 0.547396 0.389815 0.072917 0.081481
1 0.632031 0.432870 0.096354 0.080556
1 0.530729 0.488426 0.097917 0.076852
1 0.529167 0.612037 0.072917 0.105556
1 0.613542 0.588889 0.089583 0.070370
1 0.535937 0.726389 0.063542 0.141667
1 0.586719 0.784722 0.058854 0.139815
1 0.603906 0.681944 0.080729 0.087963
3 0.355729 0.329630 0.062500 0.114815
6 0.871094 0.412037 0.046354 0.150000
6 0.870573 0.692593 0.047396 0.087037
6 0.751042 0.657870 0.080208 0.086111
6 0.727865 0.845833 0.084896 0.100926
5 0.140104 0.479630 0.042708 0.116667
5 0.393490 0.743519 0.081771 0.114815
1 0.503906 0.922222 0.110937 0.105556
