0 0.743490 0.309722 0.107812 0.075000
0 0.248438 0.443519 0.033333 0.201852
0 0.226823 0.448148 0.035937 0.211111
0 0.189062 0.415741 0.061458 0.142593
2 0.352865 0.321759 0.050521 0.102778
1 0.642188 0.450463 0.092708 0.091667
1 0.541406 0.494444 0.115104 0.068519
1 0.607812 0.593981 0.092708 0.065741
1 0.535156 0.614815 0.076563 0.111111
1 0.596615 0.667593 0.076563 0.074074
1 0.532292 0.731944 0.075000 0.130556
1 0.590365 0.773611 0.047396 0.130556
1 0.572135 0.888889 0.043229 0.118519
1 0.503385 0.917593 0.105729 0.085185
6 0.866406 0.402315 0.041146 0.134259
6 0.891146 0.543981 0.034375 0.160185
6 0.870573 0.700000 0.039062 0.098148
6 0.869792 0.890741 0.036458 0.103704
5 0.393229 0.742593 0.084375 0.120370
2 0.020052 0.667593 0.040104 0.124074
