3 0.350260 0.318981 0.079687 0.125000
0 0.185417 0.420370 0.054167 0.159259
0 0.216667 0.435648 0.036458 0.186111
0 0.246615 0.434722 0.051562 0.187963
0 0.741406 0.308333 0.109896 0.075926
0 0.808854 0.445370 0.037500 0.212963
6 0.750000 0.192593 0.047917 0.105556
6 0.869010 0.699074 0.044271 0.122222
6 0.871875 0.418519 0.036458 0.144444
1 0.545312 0.381944 0.098958 0.078704
1 0.628646 0.439815 0.089583 0.094444
1 0.540365 0.489352 0.091146 0.075000
1 0.608854 0.589352 0.084375 0.078704
1 0.532813 0.613889 0.089583 0.105556
1 0.591667 0.678241 0.066667 0.095370
1 0.531250 0.704167 0.060417 0.158333
1 0.574219 0.892593 0.049479 0.122222
1 0.503646 0.914352 0.093750 0.086111
6 0.724219 0.850463 0.079687 0.141667
6 0.879427 0.901389 0.045312 0.100926
5 0.391667 0.741667 0.089583 0.118519
2 0.018229 0.663889 0.036458 0.120370
