0 0.740365 0.321759 0.111979 0.095370
6 0.872135 0.700000 0.050521 0.105556
0 0.247396 0.437500 0.033333 0.193519
0 0.217188 0.438426 0.022917 0.199074
0 0.186458 0.411574 0.054167 0.145370
0 0.546094 0.488426 0.109896 0.080556
1 0.540625 0.503704 0.001042 0.000000
1 0.532552 0.608796 0.079687 0.087963
1 0.616406 0.598148 0.095312 0.053704
1 0.532292 0.720370 0.068750 0.142593
1 0.597396 0.667593 0.067708 0.081481
1 0.586719 0.791204 0.050521 0.149074
1 0.575781 0.893519 0.050521 0.109259
1 0.504167 0.913889 0.088542 0.088889
3 0.352344 0.313426 0.067187 0.128704
6 0.752344 0.655093 0.079687 0.073148
6 0.878646 0.908796 0.055208 0.086111
5 0.391667 0.739815 0.087500 0.118519
5 0.138021 0.475926 0.054167 0.131481
5 0.279687 0.842593 0.081250 0.103704
