5 0.142187 0.472222 0.050000 0.148148
3 0.695052 0.270370 0.067187 0.122222
0 0.782292 0.390741 0.056250 0.175926
0 0.298698 0.330556 0.111979 0.074074
0 0.266146 0.159259 0.066667 0.157407
6 0.854427 0.448148 0.083854 0.150000
6 0.696615 0.464352 0.106771 0.067593
6 0.362500 0.444444 0.095833 0.064815
6 0.351302 0.604630 0.045312 0.170370
6 0.782292 0.724537 0.034375 0.195370
6 0.826562 0.632870 0.072917 0.071296
6 0.889583 0.570833 0.051042 0.080556
1 0.533854 0.470370 0.085417 0.116667
1 0.618229 0.532407 0.091667 0.107407
1 0.522135 0.635648 0.104688 0.076852
1 0.617969 0.661574 0.091146 0.075000
1 0.535937 0.756481 0.061458 0.111111
1 0.610417 0.719444 0.076042 0.055556
1 0.584635 0.766204 0.080729 0.076852
1 0.519271 0.862500 0.090625 0.084259
1 0.589323 0.818981 0.071354 0.113889
1 0.512760 0.946759 0.083854 0.080556
6 0.734375 0.890741 0.061458 0.150000
