3 0.372656 0.736574 0.081771 0.262037
1 0.442448 0.748148 0.054688 0.162963
1 0.474479 0.364352 0.061458 0.084259
1 0.529427 0.309722 0.113021 0.078704
1 0.452083 0.173611 0.055208 0.132407
1 0.521094 0.206944 0.113021 0.084259
6 0.728385 0.938889 0.023438 0.122222
6 0.748958 0.938889 0.036458 0.111111
6 0.768490 0.924074 0.041146 0.124074
6 0.692448 0.870370 0.052604 0.062963
6 0.525781 0.871759 0.069271 0.145370
0 0.661458 0.639815 0.090625 0.064815
0 0.656250 0.543981 0.092708 0.134259
0 0.671354 0.495370 0.094792 0.116667
0 0.699219 0.469907 0.079687 0.139815
0 0.732292 0.461574 0.091667 0.134259
6 0.691667 0.190278 0.090625 0.086111
6 0.723177 0.137500 0.075521 0.137963
