2 0.022135 0.662037 0.044271 0.124074
0 0.739323 0.309259 0.109896 0.066667
6 0.746875 0.191667 0.038542 0.114815
3 0.338281 0.313889 0.077604 0.103704
0 0.244792 0.454167 0.036458 0.187963
0 0.217708 0.452315 0.032292 0.195370
0 0.186458 0.429167 0.066667 0.156481
1 0.544792 0.380093 0.097917 0.078704
1 0.640625 0.429167 0.095833 0.080556
1 0.539323 0.483796 0.100521 0.071296
1 0.619792 0.585185 0.096875 0.066667
1 0.537760 0.611111 0.069271 0.107407
1 0.604427 0.675463 0.069271 0.078704
1 0.531771 0.714352 0.076042 0.130556
1 0.591406 0.776852 0.047396 0.148148
1 0.498958 0.919444 0.105208 0.088889
1 0.573177 0.927778 0.039062 0.105556
1 0.504167 0.961111 0.092708 0.059259
6 0.864062 0.416667 0.068750 0.144444
6 0.886979 0.577315 0.038542 0.150926
6 0.869531 0.698148 0.043229 0.105556
6 0.758073 0.651389 0.086979 0.087963
6 0.783854 0.849537 0.102083 0.060185
6 0.871354 0.887037 0.029167 0.100000
5 0.395313 0.746296 0.094792 0.098148
