0 0.292448 0.380556 0.115104 0.109259
3 0.605208 0.207870 0.087500 0.104630
0 0.860938 0.418519 0.060417 0.159259
6 0.748958 0.676852 0.096875 0.170370
6 0.911458 0.567130 0.064583 0.123148
1 0.572656 0.353241 0.054688 0.154630
1 0.611979 0.509722 0.072917 0.084259
1 0.590625 0.619907 0.056250 0.139815
1 0.531250 0.625463 0.109375 0.089815
1 0.525781 0.687963 0.114062 0.096296
1 0.532292 0.811574 0.066667 0.075000
1 0.606510 0.833333 0.083854 0.085185
6 0.732292 0.271759 0.039583 0.202778
2 0.115365 0.719907 0.053646 0.245370
6 0.409896 0.327315 0.093750 0.091667
6 0.803385 0.831481 0.066146 0.072222
6 0.879687 0.831481 0.059375 0.068519
6 0.444531 0.510185 0.104688 0.116667
6 0.542448 0.452315 0.100521 0.084259
6 0.870833 0.948148 0.088542 0.064815
2 0.279687 0.829167 0.081250 0.137963
0 0.177604 0.351389 0.092708 0.063889
0 0.136198 0.075000 0.038021 0.064815
0 0.094792 0.157870 0.070833 0.067593
0 0.509115 0.906019 0.098437 0.065741
6 0.366927 0.794907 0.086979 0.176852
