6 0.874479 0.846759 0.037500 0.115741
6 0.801042 0.539352 0.063542 0.075000
6 0.893229 0.434722 0.052083 0.152778
6 0.828646 0.925463 0.036458 0.141667
0 0.272656 0.174074 0.090104 0.168519
0 0.251042 0.432870 0.062500 0.160185
1 0.542448 0.661574 0.080729 0.093519
1 0.533333 0.533796 0.098958 0.071296
1 0.623698 0.528241 0.079687 0.082407
1 0.621875 0.448148 0.066667 0.092593
1 0.572135 0.903241 0.077604 0.075000
2 0.099740 0.770833 0.056771 0.147222
2 0.065104 0.657870 0.057292 0.128704
2 0.132552 0.642130 0.063021 0.187963
3 0.895573 0.690278 0.079687 0.147222
