3 0.902083 0.702315 0.101042 0.132407
6 0.871615 0.857407 0.045312 0.131481
6 0.890104 0.426389 0.050000 0.150926
6 0.807812 0.552778 0.065625 0.070370
1 0.617448 0.439352 0.071354 0.078704
1 0.620313 0.507870 0.100000 0.091667
1 0.535937 0.528704 0.091667 0.057407
1 0.547396 0.665278 0.070833 0.086111
1 0.569271 0.904167 0.095833 0.084259
0 0.266667 0.197222 0.091667 0.122222
0 0.248438 0.428241 0.069792 0.178704
6 0.830729 0.923611 0.040625 0.152778
2 0.069531 0.656019 0.060937 0.128704
2 0.100521 0.763426 0.063542 0.162037
2 0.136979 0.634259 0.060417 0.207407
