2 0.198958 0.667593 0.069792 0.127778
2 0.141146 0.675926 0.077083 0.168519
2 0.105729 0.755556 0.056250 0.162963
2 0.071875 0.637037 0.061458 0.124074
2 0.022656 0.746296 0.045312 0.155556
3 0.773177 0.477315 0.082812 0.149074
0 0.259896 0.181944 0.096875 0.130556
0 0.302083 0.301852 0.093750 0.101852
0 0.269271 0.414815 0.066667 0.216667
0 0.202604 0.423611 0.056250 0.141667
1 0.606771 0.579630 0.072917 0.124074
1 0.591927 0.724074 0.078646 0.142593
1 0.517708 0.776852 0.095833 0.077778
1 0.518750 0.894907 0.102083 0.095370
1 0.585156 0.957870 0.083854 0.073148
6 0.436719 0.424537 0.110937 0.089815
6 0.457813 0.167130 0.098958 0.084259
6 0.887760 0.425926 0.045312 0.166667
6 0.653906 0.791204 0.109896 0.069444
