0 0.739844 0.256481 0.115104 0.103704
3 0.372917 0.194444 0.068750 0.066667
6 0.908594 0.553704 0.043229 0.175926
6 0.819010 0.632870 0.090104 0.071296
6 0.872135 0.717593 0.048438 0.148148
1 0.611458 0.476389 0.055208 0.147222
1 0.540885 0.475926 0.097396 0.070370
1 0.607812 0.652315 0.066667 0.100926
1 0.519792 0.614815 0.100000 0.072222
1 0.588542 0.743981 0.058333 0.147222
6 0.418750 0.523148 0.115625 0.103704
1 0.518750 0.723148 0.089583 0.066667
1 0.598177 0.836111 0.081771 0.098148
1 0.521094 0.867593 0.080729 0.114815
1 0.502083 0.918519 0.101042 0.087037
0 0.310937 0.354167 0.128125 0.091667
0 0.856510 0.389815 0.041146 0.159259
6 0.759635 0.747222 0.081771 0.096296
2 0.128125 0.664815 0.064583 0.129630
2 0.277344 0.860185 0.070312 0.107407
