6 0.457552 0.169444 0.106771 0.062963
6 0.832031 0.864815 0.053646 0.155556
3 0.792708 0.476852 0.069792 0.179630
6 0.894531 0.418981 0.045312 0.136111
6 0.374479 0.434259 0.106250 0.062963
0 0.263021 0.451389 0.058333 0.189815
0 0.259635 0.184259 0.103646 0.164815
0 0.301302 0.301852 0.084896 0.105556
1 0.632031 0.477778 0.086979 0.109259
1 0.548438 0.431019 0.060417 0.141667
1 0.557031 0.357407 0.083854 0.170370
1 0.599740 0.568981 0.066146 0.062037
1 0.545833 0.645370 0.071875 0.125926
1 0.520833 0.780556 0.097917 0.066667
1 0.506510 0.835185 0.105729 0.075926
1 0.523177 0.892593 0.080729 0.057407
1 0.533854 0.957870 0.069792 0.062037
2 0.202083 0.665741 0.095833 0.151852
2 0.099740 0.785185 0.058854 0.233333
2 0.019271 0.750926 0.038542 0.164815
2 0.138281 0.666667 0.074479 0.164815
