1 0.633594 0.480093 0.071354 0.143519
1 0.560417 0.423611 0.058333 0.137963
1 0.558594 0.335648 0.052604 0.141667
1 0.600260 0.569907 0.051562 0.097222
1 0.543750 0.648611 0.055208 0.139815
1 0.590365 0.720833 0.073438 0.136111
1 0.520833 0.775926 0.095833 0.064815
1 0.502865 0.846759 0.104688 0.080556
1 0.580729 0.958796 0.101042 0.067593
6 0.664323 0.794907 0.113021 0.084259
3 0.779427 0.504630 0.048438 0.120370
0 0.254948 0.454630 0.070312 0.174074
0 0.259115 0.182870 0.086979 0.171296
6 0.835417 0.865278 0.063542 0.136111
6 0.380990 0.423611 0.119271 0.084259
6 0.455990 0.170833 0.109896 0.087963
6 0.889062 0.421296 0.052083 0.150000
2 0.016146 0.748148 0.032292 0.170370
2 0.102344 0.765278 0.069271 0.171296
2 0.133594 0.671759 0.081771 0.143519
2 0.190365 0.662500 0.078646 0.141667
6 0.103646 0.461574 0.060417 0.084259
6 0.872396 0.751852 0.065625 0.151852
