6 0.837500 0.862037 0.060417 0.129630
6 0.871094 0.781481 0.052604 0.183333
6 0.659896 0.805093 0.100000 0.082407
6 0.891406 0.431481 0.047396 0.164815
0 0.256510 0.185648 0.088021 0.156481
0 0.257031 0.431944 0.058854 0.215741
3 0.797396 0.485648 0.103125 0.182407
1 0.627865 0.474074 0.078646 0.101852
1 0.555469 0.430093 0.078646 0.132407
1 0.599740 0.587963 0.068229 0.114815
1 0.548438 0.655093 0.052083 0.130556
1 0.595833 0.729167 0.068750 0.147222
1 0.520052 0.775926 0.100521 0.064815
1 0.529167 0.887500 0.092708 0.082407
