6 0.751042 0.398611 0.082292 0.073148
6 0.911979 0.479167 0.033333 0.184259
6 0.876823 0.599074 0.106771 0.051852
6 0.730990 0.550463 0.052604 0.193519
6 0.876042 0.706944 0.086458 0.152778
6 0.719792 0.850463 0.086458 0.134259
1 0.557552 0.328704 0.054688 0.124074
1 0.609896 0.381944 0.064583 0.132407
1 0.625000 0.518056 0.103125 0.078704
1 0.539323 0.506481 0.078646 0.112963
1 0.527344 0.593056 0.102604 0.075000
1 0.586979 0.698148 0.091667 0.074074
1 0.607031 0.740278 0.082812 0.067593
1 0.520573 0.763426 0.088021 0.089815
1 0.613281 0.812963 0.085938 0.051852
1 0.510417 0.885185 0.091667 0.068519
6 0.804427 0.717130 0.074479 0.143519
0 0.270052 0.408333 0.082812 0.122222
0 0.282813 0.241667 0.089583 0.164815
6 0.716406 0.211574 0.045312 0.158333
0 0.782813 0.180093 0.057292 0.115741
6 0.357812 0.300926 0.052083 0.203704
5 0.126042 0.395833 0.054167 0.125000
5 0.871094 0.353241 0.070312 0.097222
2 0.074740 0.663889 0.052604 0.144444
2 0.133594 0.662037 0.067187 0.151852
2 0.287240 0.848611 0.068229 0.119444
6 0.413802 0.519907 0.083854 0.147222
6 0.866406 0.904630 0.092188 0.053704
3 0.052344 0.440278 0.044271 0.141667
