6 0.779167 0.726389 0.038542 0.195370
6 0.853646 0.451389 0.090625 0.139815
6 0.825260 0.631944 0.077604 0.069444
6 0.886198 0.576389 0.052604 0.095370
6 0.735417 0.893056 0.055208 0.145370
0 0.299740 0.327315 0.105729 0.087963
0 0.210156 0.394907 0.079687 0.087963
3 0.706250 0.268056 0.059375 0.126852
6 0.742969 0.173611 0.042188 0.093519
0 0.776563 0.387037 0.063542 0.172222
1 0.534375 0.471296 0.098958 0.096296
1 0.619531 0.543519 0.101562 0.109259
1 0.521094 0.637963 0.104688 0.072222
1 0.616406 0.662500 0.097396 0.084259
1 0.526823 0.743519 0.077604 0.100000
1 0.584115 0.758796 0.073438 0.076852
1 0.514062 0.856481 0.082292 0.064815
1 0.514583 0.938426 0.089583 0.091667
6 0.694010 0.462500 0.101562 0.082407
2 0.011979 0.714352 0.023958 0.184259
