1 0.556510 0.336111 0.050521 0.131481
1 0.550781 0.445370 0.071354 0.120370
1 0.630469 0.465278 0.083854 0.087963
1 0.616406 0.359259 0.039062 0.159259
1 0.529687 0.512500 0.102083 0.154630
1 0.628646 0.625463 0.102083 0.071296
1 0.542708 0.656019 0.057292 0.136111
1 0.517188 0.771296 0.082292 0.059259
1 0.510938 0.837963 0.094792 0.074074
1 0.520052 0.899074 0.078646 0.062963
1 0.587760 0.955093 0.089063 0.082407
6 0.667969 0.800926 0.077604 0.096296
6 0.832031 0.855093 0.081771 0.139815
6 0.896615 0.622685 0.051562 0.202778
3 0.791667 0.481019 0.067708 0.195370
6 0.341667 0.586111 0.056250 0.179630
6 0.319531 0.414352 0.080729 0.086111
0 0.250521 0.437037 0.061458 0.168519
0 0.302344 0.302778 0.104688 0.088889
0 0.271354 0.165741 0.090625 0.166667
2 0.020573 0.746759 0.041146 0.137963
2 0.109375 0.778704 0.057292 0.201852
2 0.196094 0.660648 0.092188 0.137963
2 0.057812 0.649537 0.037500 0.130556
2 0.141146 0.677315 0.077083 0.215741
