6 0.451042 0.173611 0.102083 0.071296
6 0.712240 0.370833 0.047396 0.204630
6 0.831510 0.850000 0.076563 0.116667
6 0.893229 0.669907 0.040625 0.193519
3 0.798438 0.486574 0.070833 0.163889
0 0.304427 0.307407 0.102604 0.101852
0 0.251563 0.428241 0.067708 0.147222
0 0.261458 0.174074 0.089583 0.168519
1 0.556510 0.355556 0.056771 0.124074
1 0.550521 0.430093 0.070833 0.125000
1 0.622656 0.474074 0.077604 0.112963
1 0.515625 0.505556 0.121875 0.096296
1 0.616927 0.631481 0.080729 0.059259
1 0.548438 0.647222 0.060417 0.118519
1 0.524740 0.778704 0.071354 0.077778
1 0.507552 0.834259 0.095312 0.074074
1 0.508854 0.889815 0.094792 0.062963
1 0.577344 0.963426 0.077604 0.073148
6 0.665365 0.793056 0.091146 0.106481
2 0.191667 0.664815 0.086458 0.118519
2 0.133594 0.627315 0.071354 0.186111
2 0.104167 0.772685 0.067708 0.204630
2 0.017708 0.749074 0.035417 0.133333
2 0.071094 0.651389 0.059896 0.141667
6 0.899740 0.428241 0.043229 0.158333
6 0.337240 0.426389 0.090104 0.078704
