5 0.782813 0.801852 0.063542 0.098148
5 0.097396 0.144444 0.061458 0.062963
0 0.244010 0.164815 0.066146 0.153704
0 0.837240 0.395833 0.057812 0.132407
0 0.759896 0.347685 0.090625 0.147222
6 0.459115 0.215741 0.069271 0.151852
3 0.698177 0.273148 0.071354 0.127778
1 0.539583 0.416667 0.093750 0.066667
1 0.627083 0.408796 0.098958 0.075000
1 0.528906 0.487037 0.109896 0.053704
1 0.525781 0.549074 0.099479 0.066667
1 0.566927 0.595833 0.051562 0.115741
1 0.541406 0.708796 0.052604 0.084259
1 0.508594 0.778704 0.099479 0.077778
1 0.595052 0.873148 0.077604 0.111111
6 0.304688 0.421296 0.125000 0.114815
6 0.461719 0.907407 0.086979 0.120370
