6 0.465625 0.913889 0.092708 0.118519
6 0.286979 0.417593 0.121875 0.129630
6 0.464583 0.216204 0.056250 0.126852
0 0.832552 0.393981 0.052604 0.136111
0 0.861979 0.387963 0.052083 0.135185
0 0.760677 0.356019 0.079687 0.137963
3 0.730729 0.262500 0.054167 0.106481
1 0.630990 0.416204 0.080729 0.082407
1 0.541667 0.407407 0.097917 0.059259
1 0.536198 0.481944 0.106771 0.071296
1 0.523698 0.561574 0.127604 0.080556
1 0.600781 0.706019 0.070312 0.097222
1 0.514583 0.781481 0.106250 0.053704
1 0.592187 0.872685 0.081250 0.104630
5 0.786198 0.801852 0.072396 0.098148
6 0.123958 0.501852 0.064583 0.092593
2 0.033073 0.662963 0.048438 0.146296
2 0.068229 0.629167 0.059375 0.121296
2 0.098177 0.775000 0.077604 0.144444
2 0.135156 0.671759 0.052604 0.143519
2 0.186979 0.651389 0.087500 0.141667
