6 0.333073 0.417593 0.088021 0.075926
6 0.341667 0.584259 0.056250 0.187037
6 0.670052 0.810648 0.081771 0.084259
6 0.833073 0.850463 0.077604 0.123148
6 0.889583 0.631019 0.035417 0.193519
6 0.708594 0.372685 0.044271 0.182407
6 0.455729 0.172685 0.098958 0.073148
6 0.892708 0.420370 0.037500 0.148148
3 0.797396 0.487963 0.058333 0.170370
0 0.304427 0.312037 0.104688 0.103704
0 0.266667 0.175463 0.085417 0.150926
2 0.191406 0.673611 0.070312 0.132407
2 0.139583 0.665741 0.067708 0.135185
2 0.108594 0.793056 0.045312 0.213889
2 0.019271 0.746759 0.038542 0.145370
2 0.064583 0.657870 0.070833 0.143519
1 0.554948 0.350463 0.053646 0.141667
1 0.547917 0.437963 0.087500 0.155556
1 0.629427 0.467593 0.083854 0.096296
1 0.524219 0.508333 0.110937 0.109259
1 0.597135 0.555556 0.053646 0.100000
1 0.623177 0.640741 0.074479 0.090741
1 0.545833 0.653241 0.051042 0.130556
1 0.517708 0.772685 0.100000 0.089815
1 0.510156 0.841204 0.110937 0.095370
1 0.510156 0.886111 0.098437 0.062963
1 0.586719 0.955093 0.086979 0.067593
