1 0.548438 0.419444 0.096875 0.064815
1 0.642188 0.419444 0.092708 0.075926
1 0.533333 0.476852 0.114583 0.064815
1 0.531250 0.549074 0.105208 0.066667
1 0.597396 0.711574 0.063542 0.128704
1 0.549219 0.705093 0.046354 0.099074
1 0.516667 0.793981 0.111458 0.093519
1 0.589583 0.881944 0.086458 0.093519
3 0.712240 0.280093 0.065104 0.137963
5 0.786198 0.798611 0.084896 0.076852
0 0.833333 0.384722 0.061458 0.137963
0 0.757552 0.347685 0.092188 0.147222
0 0.238802 0.160185 0.072396 0.155556
6 0.121615 0.497222 0.073438 0.109259
6 0.903906 0.884259 0.051562 0.159259
2 0.109896 0.797685 0.068750 0.204630
2 0.029167 0.668056 0.058333 0.136111
2 0.074219 0.644907 0.047396 0.150926
2 0.140365 0.672685 0.078646 0.137963
2 0.188542 0.668519 0.080208 0.164815
6 0.459635 0.218056 0.058854 0.145370
5 0.100260 0.144444 0.047396 0.070370
