0 0.296354 0.248148 0.127083 0.077778
0 0.190885 0.395833 0.051562 0.139815
3 0.748437 0.242130 0.059375 0.132407
0 0.832031 0.398148 0.043229 0.168519
0 0.755208 0.363889 0.096875 0.100000
2 0.028906 0.661111 0.047396 0.118519
2 0.068490 0.637963 0.050521 0.096296
2 0.178906 0.670833 0.073438 0.134259
2 0.096615 0.792130 0.078646 0.200926
2 0.133073 0.652315 0.042188 0.167593
6 0.457031 0.220370 0.071354 0.153704
6 0.860417 0.888889 0.057292 0.111111
5 0.913281 0.560648 0.054688 0.147222
5 0.787760 0.807407 0.067187 0.109259
6 0.720313 0.770370 0.065625 0.157407
1 0.632812 0.408796 0.093750 0.078704
1 0.538281 0.413426 0.110937 0.080556
1 0.542969 0.490278 0.105729 0.084259
1 0.582552 0.741204 0.072396 0.134259
1 0.531250 0.864815 0.060417 0.166667
