3 0.696094 0.311111 0.065104 0.227778
0 0.755469 0.343981 0.088021 0.143519
0 0.832292 0.393056 0.065625 0.134259
1 0.626563 0.417593 0.091667 0.075926
1 0.543750 0.411111 0.089583 0.062963
1 0.535156 0.483796 0.106771 0.067593
1 0.526563 0.553704 0.089583 0.072222
1 0.574479 0.588426 0.034375 0.130556
1 0.597656 0.712963 0.070312 0.118519
1 0.545052 0.712500 0.045312 0.091667
1 0.514062 0.778704 0.092708 0.074074
1 0.522656 0.921296 0.065104 0.150000
6 0.467187 0.909722 0.102083 0.095370
6 0.461198 0.215741 0.055729 0.151852
2 0.029687 0.666667 0.055208 0.138889
2 0.074479 0.644907 0.058333 0.132407
2 0.137500 0.666667 0.085417 0.142593
2 0.183333 0.660185 0.066667 0.181481
2 0.101823 0.779630 0.072396 0.175926
5 0.783854 0.804167 0.071875 0.084259
5 0.097135 0.133796 0.051562 0.073148
