2 0.103385 0.781481 0.045312 0.207407
2 0.022656 0.748148 0.045312 0.174074
2 0.185417 0.670370 0.064583 0.172222
2 0.128906 0.670370 0.054688 0.161111
2 0.064062 0.641667 0.033333 0.111111
0 0.273177 0.180093 0.100521 0.152778
0 0.301042 0.346759 0.067708 0.134259
0 0.841406 0.392130 0.043229 0.143519
0 0.757031 0.348611 0.102604 0.080556
6 0.878125 0.494907 0.062500 0.093519
6 0.871354 0.624537 0.065625 0.073148
6 0.791927 0.591204 0.085938 0.132407
6 0.894792 0.854167 0.035417 0.137963
6 0.762240 0.800926 0.080729 0.150000
6 0.337240 0.729630 0.049479 0.179630
1 0.540365 0.543981 0.106771 0.099074
1 0.608333 0.637963 0.100000 0.079630
1 0.537500 0.676389 0.094792 0.095370
1 0.614323 0.792130 0.075521 0.078704
1 0.524740 0.785648 0.105729 0.095370
1 0.521615 0.900000 0.090104 0.111111
1 0.502083 0.965278 0.098958 0.069444
1 0.610417 0.444907 0.087500 0.084259
