3 0.791406 0.475926 0.052604 0.220370
0 0.296875 0.304630 0.113542 0.103704
0 0.264062 0.181019 0.098958 0.150926
0 0.258073 0.442593 0.060937 0.183333
1 0.550521 0.429167 0.070833 0.115741
1 0.555729 0.365278 0.061458 0.139815
1 0.627604 0.481019 0.087500 0.130556
1 0.592708 0.558333 0.062500 0.074074
1 0.623437 0.624537 0.100000 0.065741
1 0.543229 0.660648 0.056250 0.141667
1 0.517708 0.769907 0.093750 0.073148
1 0.492969 0.831481 0.108854 0.072222
1 0.517188 0.889815 0.094792 0.062963
1 0.581250 0.960648 0.085417 0.067593
6 0.668490 0.794907 0.082812 0.084259
6 0.831510 0.849074 0.084896 0.107407
6 0.451562 0.171296 0.094792 0.070370
