5 0.791406 0.801389 0.072396 0.075000
3 0.867448 0.452778 0.047396 0.116667
6 0.767708 0.520833 0.083333 0.149074
6 0.668490 0.515741 0.052604 0.164815
6 0.858333 0.856481 0.051042 0.103704
6 0.494010 0.168981 0.119271 0.080556
0 0.185938 0.381944 0.102083 0.071296
0 0.282552 0.192130 0.077604 0.139815
1 0.533073 0.437500 0.108854 0.075000
1 0.633073 0.415741 0.091146 0.096296
1 0.600260 0.556481 0.053646 0.155556
1 0.527344 0.579167 0.104688 0.086111
1 0.599740 0.696296 0.056771 0.120370
1 0.578646 0.793981 0.038542 0.154630
1 0.518229 0.781481 0.092708 0.068519
0 0.815104 0.400463 0.053125 0.149074
2 0.189583 0.670833 0.064583 0.145370
2 0.144531 0.662037 0.075521 0.120370
2 0.047396 0.755556 0.058333 0.166667
2 0.104427 0.775000 0.055729 0.170370
2 0.075000 0.657870 0.061458 0.154630
6 0.234896 0.516204 0.060417 0.162037
