6 0.459635 0.204167 0.056771 0.128704
6 0.352344 0.413889 0.114062 0.092593
6 0.710156 0.768519 0.059896 0.161111
1 0.628906 0.408796 0.104688 0.078704
1 0.536458 0.410185 0.094792 0.050000
1 0.536198 0.480556 0.106771 0.057407
1 0.595833 0.572685 0.088542 0.095370
1 0.580469 0.747685 0.082812 0.136111
1 0.534115 0.854167 0.080729 0.141667
3 0.752344 0.228241 0.045312 0.137963
0 0.829948 0.390741 0.047396 0.153704
0 0.749479 0.366667 0.091667 0.112963
0 0.782292 0.401389 0.038542 0.171296
0 0.295312 0.245833 0.133333 0.082407
6 0.367969 0.889815 0.058854 0.177778
6 0.864583 0.888889 0.057292 0.111111
5 0.910156 0.561574 0.044271 0.134259
2 0.182552 0.681019 0.086979 0.143519
2 0.142187 0.668519 0.050000 0.157407
2 0.111458 0.786574 0.073958 0.197222
2 0.065365 0.654167 0.042188 0.125000
2 0.025781 0.659722 0.043229 0.132407
0 0.192448 0.398611 0.078646 0.084259
