6 0.491927 0.162037 0.117188 0.062963
6 0.865365 0.865741 0.049479 0.092593
6 0.235677 0.548148 0.076563 0.111111
0 0.276302 0.193519 0.076563 0.153704
0 0.182031 0.392130 0.083854 0.086111
0 0.821094 0.411574 0.053646 0.149074
3 0.864323 0.469444 0.047396 0.161111
6 0.667448 0.516667 0.050521 0.162963
1 0.598437 0.563889 0.035417 0.155556
1 0.534896 0.575463 0.093750 0.086111
1 0.537760 0.442593 0.099479 0.079630
1 0.632031 0.413426 0.082812 0.076852
1 0.602344 0.704167 0.059896 0.121296
1 0.575521 0.791204 0.036458 0.173148
1 0.521094 0.773148 0.089063 0.074074
2 0.190365 0.668981 0.072396 0.137963
2 0.134115 0.678241 0.054688 0.160185
2 0.103906 0.772685 0.054688 0.189815
2 0.064323 0.657870 0.048438 0.136111
2 0.048438 0.754630 0.064583 0.179630
5 0.785677 0.803704 0.075521 0.074074
