6 0.457552 0.205093 0.050521 0.149074
6 0.348958 0.428241 0.092708 0.104630
6 0.373958 0.888889 0.056250 0.172222
6 0.712760 0.783796 0.072396 0.195370
6 0.866406 0.896296 0.057812 0.118519
1 0.532813 0.862037 0.065625 0.142593
6 0.462500 0.912963 0.096875 0.101852
1 0.635156 0.407407 0.104688 0.059259
1 0.537760 0.404167 0.097396 0.062037
1 0.536719 0.486574 0.099479 0.076852
1 0.582812 0.572685 0.094792 0.084259
1 0.580469 0.753241 0.076563 0.141667
3 0.753906 0.228704 0.052604 0.120370
0 0.830469 0.394907 0.048438 0.145370
0 0.751563 0.368981 0.089583 0.132407
5 0.902604 0.562037 0.055208 0.120370
5 0.297917 0.247222 0.119792 0.057407
2 0.188542 0.674074 0.084375 0.157407
2 0.138802 0.643056 0.049479 0.139815
2 0.102344 0.791667 0.065104 0.166667
2 0.068490 0.657870 0.058854 0.121296
2 0.027344 0.664815 0.048438 0.118519
0 0.190885 0.406944 0.083854 0.100926
