2 0.168229 0.683796 0.054167 0.160185
2 0.109375 0.772685 0.057292 0.143519
2 0.127865 0.655093 0.048438 0.141667
2 0.093750 0.651389 0.050000 0.184259
2 0.039323 0.626389 0.042188 0.091667
2 0.046875 0.725463 0.078125 0.136111
2 0.085677 0.891667 0.096354 0.185185
0 0.767708 0.391204 0.091667 0.195370
1 0.629427 0.410185 0.101562 0.111111
1 0.546354 0.602315 0.077083 0.089815
1 0.611458 0.679167 0.089583 0.097222
1 0.528125 0.742130 0.070833 0.128704
1 0.502604 0.930093 0.115625 0.063889
6 0.429948 0.884259 0.077604 0.177778
6 0.808073 0.744444 0.103646 0.112963
6 0.482812 0.378704 0.084375 0.170370
3 0.192448 0.472222 0.068229 0.112963
0 0.283854 0.203241 0.087500 0.195370
0 0.748437 0.191204 0.113542 0.076852
