3 0.193490 0.487500 0.082812 0.150926
0 0.303385 0.286111 0.108854 0.116667
0 0.753646 0.185185 0.102083 0.105556
0 0.767188 0.390741 0.094792 0.096296
0 0.857292 0.388889 0.039583 0.168519
5 0.677865 0.862963 0.073438 0.109259
1 0.632552 0.411111 0.092188 0.094444
1 0.532292 0.752778 0.062500 0.129630
1 0.506510 0.939352 0.107812 0.075000
2 0.166927 0.663426 0.055729 0.132407
2 0.114583 0.760185 0.059375 0.172222
2 0.097396 0.891204 0.055208 0.191667
2 0.078125 0.637037 0.031250 0.135185
2 0.115885 0.638889 0.033854 0.116667
2 0.041927 0.628704 0.036979 0.111111
2 0.049740 0.729167 0.079687 0.128704
2 0.015625 0.872685 0.031250 0.178704
6 0.421354 0.244444 0.082292 0.151852
6 0.802083 0.761574 0.093750 0.136111
