0 0.751823 0.183796 0.108854 0.102778
0 0.765104 0.380093 0.050000 0.186111
3 0.189062 0.458796 0.069792 0.128704
6 0.502604 0.186111 0.091667 0.103704
6 0.492969 0.448611 0.078646 0.187963
6 0.304948 0.267130 0.059896 0.204630
1 0.563021 0.614352 0.065625 0.132407
1 0.616406 0.675463 0.088021 0.100926
1 0.529687 0.744907 0.081250 0.137963
1 0.503125 0.933796 0.103125 0.089815
6 0.811458 0.745370 0.118750 0.129630
1 0.627344 0.418519 0.111979 0.112963
2 0.173437 0.678241 0.070833 0.199074
2 0.125521 0.649537 0.039583 0.141667
2 0.113802 0.763426 0.054688 0.171296
2 0.086979 0.624537 0.031250 0.119444
2 0.045833 0.737963 0.061458 0.111111
2 0.052344 0.663889 0.054688 0.162963
2 0.092708 0.885185 0.098958 0.179630
