3 0.751302 0.223148 0.047396 0.155556
0 0.299479 0.245370 0.122917 0.072222
0 0.826562 0.392130 0.050000 0.143519
0 0.765104 0.353241 0.066667 0.147222
0 0.191927 0.397222 0.083854 0.105556
1 0.625000 0.416667 0.086458 0.066667
1 0.537500 0.402778 0.092708 0.055556
1 0.539844 0.484722 0.099479 0.065741
1 0.584375 0.568056 0.095833 0.082407
1 0.576042 0.740278 0.063542 0.128704
1 0.534375 0.877315 0.056250 0.173148
5 0.907292 0.564352 0.054167 0.136111
6 0.862240 0.885185 0.047396 0.122222
6 0.463802 0.914815 0.080729 0.101852
2 0.190365 0.662963 0.080729 0.168519
2 0.071094 0.640741 0.047396 0.101852
2 0.105469 0.767593 0.071354 0.162963
2 0.138542 0.652315 0.057292 0.165741
2 0.029167 0.666667 0.052083 0.118519
6 0.721875 0.768056 0.056250 0.184259
6 0.455208 0.216204 0.053125 0.130556
