6 0.803385 0.744444 0.096354 0.112963
6 0.475260 0.353704 0.073438 0.174074
6 0.527083 0.183796 0.062500 0.126852
3 0.184896 0.472222 0.091667 0.124074
0 0.751302 0.192130 0.107812 0.086111
1 0.634375 0.413889 0.093750 0.107407
1 0.551042 0.612963 0.059375 0.133333
1 0.613281 0.666667 0.075521 0.118519
1 0.531250 0.743056 0.068750 0.137963
1 0.512240 0.940278 0.143229 0.084259
2 0.171354 0.682870 0.068750 0.178704
2 0.113802 0.764352 0.054688 0.145370
2 0.120052 0.631944 0.038021 0.149074
2 0.088281 0.643519 0.041146 0.157407
2 0.048438 0.636111 0.060417 0.114815
2 0.044792 0.717593 0.073958 0.151852
2 0.086719 0.890741 0.076563 0.164815
