0 0.290365 0.242593 0.117188 0.059259
3 0.753385 0.229167 0.047396 0.125000
0 0.825521 0.387037 0.040625 0.183333
0 0.753385 0.366667 0.073438 0.127778
5 0.911198 0.557407 0.046354 0.146296
1 0.632031 0.411574 0.091146 0.076852
1 0.536979 0.403241 0.095833 0.063889
1 0.544792 0.484722 0.097917 0.084259
1 0.587240 0.565278 0.088021 0.087963
1 0.579167 0.738426 0.067708 0.139815
1 0.536719 0.881481 0.057812 0.157407
6 0.461719 0.208796 0.066146 0.152778
6 0.711198 0.770833 0.065104 0.143519
6 0.863281 0.896296 0.047396 0.122222
2 0.178385 0.670833 0.082812 0.141667
2 0.142187 0.662037 0.068750 0.170370
2 0.101823 0.786574 0.074479 0.204630
2 0.067969 0.638889 0.057812 0.105556
2 0.028906 0.667593 0.045312 0.112963
6 0.366406 0.903241 0.057812 0.171296
