6 0.345052 0.359722 0.079687 0.080556
6 0.488021 0.169444 0.098958 0.074074
3 0.270833 0.150000 0.061458 0.162963
0 0.224740 0.423611 0.048438 0.191667
2 0.072135 0.628241 0.043229 0.126852
2 0.117188 0.649537 0.062500 0.160185
2 0.183333 0.665741 0.060417 0.188889
2 0.111979 0.761574 0.056250 0.189815
2 0.088281 0.866667 0.083854 0.174074
2 0.060156 0.753704 0.073438 0.112963
0 0.776302 0.379167 0.086979 0.149074
1 0.614844 0.519907 0.106771 0.089815
1 0.586719 0.691667 0.076563 0.175926
5 0.822396 0.575926 0.062500 0.101852
