5 0.823177 0.566204 0.069271 0.121296
0 0.773698 0.370833 0.088021 0.139815
6 0.478385 0.168981 0.107812 0.084259
1 0.616406 0.507407 0.103646 0.100000
6 0.448177 0.752778 0.081771 0.157407
0 0.224219 0.437037 0.049479 0.218519
6 0.050781 0.551852 0.079687 0.064815
2 0.176563 0.659722 0.062500 0.197222
2 0.131510 0.662037 0.041146 0.148148
2 0.117448 0.767130 0.045312 0.154630
2 0.077604 0.652315 0.034375 0.143519
2 0.051042 0.740741 0.057292 0.109259
2 0.087240 0.865741 0.065104 0.179630
2 0.018750 0.856481 0.037500 0.157407
3 0.275260 0.147685 0.074479 0.134259
