6 0.663281 0.603704 0.074479 0.179630
6 0.706510 0.893519 0.078646 0.120370
6 0.497656 0.450000 0.075521 0.157407
6 0.513281 0.187963 0.082812 0.122222
0 0.759635 0.331019 0.083854 0.141667
0 0.748177 0.186574 0.113021 0.097222
3 0.188542 0.471296 0.070833 0.118519
1 0.631510 0.409259 0.101562 0.101852
1 0.558854 0.602315 0.069792 0.132407
1 0.531510 0.742593 0.077604 0.116667
1 0.510938 0.938426 0.096875 0.087963
0 0.308594 0.255556 0.117188 0.159259
2 0.166667 0.684722 0.065625 0.193519
2 0.125000 0.651389 0.044792 0.156481
2 0.111979 0.765278 0.054167 0.162037
2 0.087240 0.626389 0.045312 0.126852
2 0.041927 0.629630 0.047396 0.109259
2 0.051042 0.731944 0.087500 0.137963
2 0.086198 0.877315 0.090104 0.202778
