6 0.328646 0.362500 0.112500 0.080556
6 0.446094 0.766667 0.090104 0.172222
6 0.479948 0.166667 0.100521 0.100000
5 0.819531 0.572222 0.074479 0.112963
0 0.772656 0.367130 0.090104 0.132407
0 0.225781 0.431944 0.048438 0.197222
3 0.279427 0.162500 0.076563 0.134259
6 0.820573 0.753704 0.084896 0.159259
1 0.617969 0.511574 0.098437 0.087963
6 0.058594 0.550000 0.076563 0.072222
2 0.178385 0.670370 0.070312 0.240741
2 0.127083 0.656019 0.038542 0.158333
2 0.116146 0.755556 0.062500 0.159259
2 0.042448 0.740278 0.052604 0.121296
2 0.088802 0.860185 0.070312 0.211111
2 0.020052 0.850463 0.040104 0.149074
