2 0.177344 0.674537 0.050521 0.256481
2 0.127344 0.639815 0.043229 0.157407
2 0.109896 0.763426 0.066667 0.178704
2 0.084115 0.635185 0.039062 0.127778
2 0.083594 0.876389 0.082812 0.178704
2 0.047396 0.741667 0.052083 0.114815
2 0.016146 0.862037 0.032292 0.175926
6 0.055990 0.547222 0.085938 0.055556
6 0.450000 0.759722 0.089583 0.147222
6 0.487500 0.161574 0.097917 0.089815
3 0.277083 0.163889 0.066667 0.109259
0 0.222135 0.437963 0.051562 0.220370
0 0.776302 0.376389 0.072396 0.136111
1 0.621875 0.515741 0.092708 0.111111
5 0.818490 0.570833 0.080729 0.095370
6 0.824479 0.757870 0.066667 0.139815
