6 0.512500 0.189352 0.065625 0.130556
0 0.758073 0.356944 0.056771 0.189815
0 0.307031 0.251389 0.109896 0.141667
3 0.183594 0.459259 0.076563 0.112963
2 0.175781 0.680093 0.081771 0.160185
2 0.110417 0.753241 0.053125 0.145370
2 0.123177 0.642130 0.044271 0.137963
2 0.083073 0.626389 0.039062 0.130556
2 0.042969 0.620833 0.041146 0.095370
2 0.041927 0.727778 0.069271 0.111111
2 0.069010 0.871759 0.105729 0.213889
1 0.629167 0.397685 0.088542 0.100926
1 0.552604 0.612037 0.064583 0.131481
1 0.608333 0.676389 0.067708 0.095370
1 0.521094 0.757870 0.089063 0.143519
1 0.507552 0.928241 0.097396 0.067593
6 0.707292 0.891667 0.091667 0.127778
