6 0.513021 0.186111 0.070833 0.103704
6 0.664844 0.596759 0.073438 0.178704
6 0.500000 0.455093 0.092708 0.136111
0 0.750521 0.199537 0.115625 0.073148
0 0.757552 0.339815 0.069271 0.170370
1 0.630469 0.409259 0.103646 0.109259
1 0.551302 0.625463 0.050521 0.154630
1 0.611979 0.662037 0.096875 0.098148
1 0.526823 0.737500 0.071354 0.149074
1 0.503125 0.934722 0.096875 0.087963
2 0.171875 0.682407 0.057292 0.168519
2 0.125000 0.641667 0.050000 0.129630
2 0.118750 0.770370 0.062500 0.153704
2 0.082552 0.620370 0.040104 0.103704
2 0.046354 0.622685 0.050000 0.095370
2 0.050260 0.725000 0.082812 0.144444
2 0.088281 0.894907 0.083854 0.195370
0 0.297656 0.260648 0.107812 0.160185
3 0.190885 0.473148 0.071354 0.122222
6 0.812500 0.750926 0.105208 0.122222
6 0.707552 0.887037 0.086979 0.100000
