0 0.301563 0.253241 0.120833 0.134259
3 0.186979 0.470833 0.079167 0.141667
0 0.751302 0.193519 0.107812 0.111111
0 0.760938 0.338889 0.062500 0.157407
1 0.626823 0.402315 0.108854 0.119444
1 0.559635 0.590741 0.074479 0.120370
1 0.609375 0.670370 0.102083 0.092593
1 0.526563 0.748148 0.067708 0.120370
1 0.516667 0.934722 0.106250 0.095370
1 0.510156 0.184259 0.078646 0.114815
6 0.500521 0.456481 0.093750 0.166667
6 0.712240 0.897685 0.085938 0.125000
6 0.648177 0.591667 0.086979 0.214815
2 0.167708 0.692593 0.057292 0.185185
2 0.122396 0.643981 0.039583 0.141667
2 0.108854 0.763426 0.058333 0.154630
2 0.088281 0.634722 0.049479 0.136111
2 0.051302 0.747222 0.076563 0.133333
2 0.090104 0.883333 0.087500 0.175926
2 0.046875 0.641667 0.041667 0.122222
