2 0.167708 0.700463 0.057292 0.193519
2 0.119792 0.646759 0.032292 0.150926
2 0.114323 0.772685 0.055729 0.200926
2 0.087240 0.631019 0.047396 0.136111
2 0.036719 0.616204 0.039062 0.093519
2 0.041927 0.724074 0.075521 0.122222
2 0.087500 0.884722 0.094792 0.187963
6 0.507031 0.185185 0.098437 0.109259
6 0.493490 0.453704 0.077604 0.164815
3 0.188021 0.457870 0.073958 0.115741
0 0.746875 0.193519 0.118750 0.100000
0 0.767188 0.366204 0.042708 0.191667
1 0.628646 0.404167 0.121875 0.099074
1 0.547917 0.618056 0.059375 0.139815
1 0.610417 0.673611 0.095833 0.082407
1 0.528125 0.747685 0.068750 0.136111
1 0.518229 0.934722 0.092708 0.087963
6 0.648698 0.593519 0.071354 0.168519
6 0.808854 0.751852 0.100000 0.131481
