1 0.620052 0.505556 0.117188 0.072222
1 0.575260 0.694444 0.079687 0.177778
3 0.275521 0.150463 0.063542 0.132407
0 0.228385 0.430093 0.055729 0.175000
0 0.767708 0.375463 0.097917 0.137963
6 0.450781 0.763426 0.082812 0.154630
5 0.821615 0.581481 0.082812 0.124074
6 0.342448 0.362963 0.109896 0.090741
6 0.482031 0.168519 0.108854 0.092593
1 0.602604 0.375463 0.094792 0.123148
2 0.180469 0.674537 0.060937 0.237963
2 0.114323 0.759259 0.055729 0.162963
2 0.127344 0.639815 0.043229 0.125926
2 0.088281 0.872685 0.071354 0.178704
2 0.075260 0.637963 0.043229 0.118519
2 0.053906 0.745370 0.071354 0.111111
2 0.017188 0.865741 0.034375 0.172222
6 0.053385 0.541204 0.072396 0.054630
