0 0.186492 0.464158 0.066532 0.186380
0 0.242944 0.646057 0.110887 0.062724
0 0.231855 0.706093 0.102823 0.107527
0 0.173387 0.741935 0.040323 0.189964
1 0.476815 0.502688 0.068548 0.127240
1 0.468246 0.801075 0.057460 0.121864
1 0.441532 0.960573 0.094758 0.078853
0 0.690020 0.606631 0.109879 0.069892
0 0.619960 0.743728 0.060484 0.182796
6 0.693044 0.339606 0.085685 0.141577
6 0.589214 0.149642 0.055444 0.213262
6 0.638609 0.094982 0.061492 0.168459
6 0.465726 0.168459 0.104839 0.100358
6 0.503024 0.303763 0.074597 0.145161
6 0.891633 0.240143 0.033266 0.096774