0 0.232359 0.528674 0.105847 0.068100
0 0.247480 0.643369 0.109879 0.071685
0 0.210181 0.718638 0.097782 0.093190
0 0.690524 0.603047 0.131048 0.080645
4 0.131048 0.161290 0.050403 0.146953
1 0.460685 0.442652 0.074597 0.111111
1 0.464718 0.845878 0.052419 0.168459
6 0.738407 0.404122 0.081653 0.087814
6 0.721270 0.293907 0.109879 0.075269
6 0.810484 0.903226 0.090726 0.060932
6 0.817036 0.439068 0.051411 0.107527
6 0.890625 0.245520 0.037298 0.100358
6 0.967238 0.250000 0.049395 0.130824
6 0.275706 0.112903 0.099798 0.057348
6 0.234375 0.276882 0.087702 0.087814