6 0.389617 0.129032 0.091734 0.096774
6 0.712702 0.293011 0.106855 0.062724
6 0.767137 0.047491 0.066532 0.066308
6 0.971270 0.253584 0.045363 0.109319
6 0.893649 0.212366 0.039315 0.091398
6 0.802923 0.900538 0.061492 0.062724
0 0.236895 0.689964 0.098790 0.060932
0 0.189516 0.724014 0.088710 0.114695
0 0.686996 0.599462 0.111895 0.077061
1 0.459173 0.445341 0.079637 0.137993
1 0.509073 0.817204 0.098790 0.068100
1 0.457157 0.888889 0.065524 0.150538
6 0.553427 0.931900 0.110887 0.103943
6 0.759073 0.382616 0.084677 0.084229
6 0.818548 0.425627 0.056452 0.109319
6 0.209173 0.477599 0.097782 0.148746