0 0.185988 0.464158 0.063508 0.175627
0 0.249496 0.693548 0.087702 0.089606
0 0.197581 0.721326 0.064516 0.130824
0 0.691532 0.595878 0.112903 0.080645
1 0.464214 0.434588 0.059476 0.120072
1 0.492440 0.718638 0.071573 0.154122
6 0.715222 0.294803 0.113911 0.077061
6 0.826613 0.409498 0.094758 0.094982
6 0.889113 0.232079 0.036290 0.091398
6 0.970766 0.258065 0.034274 0.111111
6 0.764113 0.044803 0.046371 0.082437
6 0.575605 0.920251 0.108871 0.109319
6 0.843246 0.905914 0.081653 0.109319
6 0.782258 0.704301 0.100806 0.089606
6 0.246976 0.309140 0.072581 0.137993