6 0.121976 0.188172 0.038306 0.125448
6 0.697581 0.609319 0.040323 0.197133
6 0.618448 0.577957 0.101815 0.094982
6 0.945565 0.549283 0.058468 0.077061
6 0.866431 0.429211 0.061492 0.109319
6 0.891633 0.221326 0.027218 0.091398
6 0.966230 0.255376 0.033266 0.116487
6 0.785282 0.823477 0.098790 0.062724
6 0.210181 0.913978 0.093750 0.089606
0 0.189012 0.471326 0.055444 0.168459
0 0.257560 0.561828 0.113911 0.087814
0 0.237903 0.700717 0.106855 0.096774
0 0.194052 0.724910 0.089718 0.109319
1 0.466734 0.431900 0.074597 0.136201
1 0.443044 0.630824 0.059476 0.121864
1 0.501008 0.754480 0.060484 0.132616
1 0.504032 0.863799 0.096774 0.125448