0 0.221774 0.493728 0.104839 0.080645
0 0.246472 0.684588 0.093750 0.118280
0 0.702621 0.507168 0.112903 0.114695
0 0.787298 0.443548 0.042339 0.166667
0 0.785786 0.728495 0.043347 0.141577
6 0.684476 0.327957 0.042339 0.179211
1 0.509577 0.482079 0.093750 0.096774
1 0.417843 0.453405 0.087702 0.064516
1 0.493952 0.647849 0.058468 0.152330
1 0.493952 0.900538 0.084677 0.091398
6 0.394657 0.545699 0.103831 0.087814
6 0.734879 0.723118 0.050403 0.163082
6 0.631048 0.620968 0.096774 0.077061
6 0.145665 0.161290 0.035282 0.154122