6 0.136089 0.284050 0.064516 0.123656
0 0.255544 0.543907 0.097782 0.116487
0 0.209173 0.724910 0.073589 0.123656
0 0.698085 0.533154 0.123992 0.102151
0 0.708165 0.686380 0.085685 0.168459
0 0.780746 0.726703 0.039315 0.181004
6 0.815020 0.882616 0.111895 0.077061
6 0.679435 0.326165 0.038306 0.164875
6 0.296875 0.767025 0.047379 0.189964
6 0.939516 0.801075 0.026210 0.125448
1 0.510585 0.474014 0.091734 0.091398
1 0.485887 0.578853 0.054435 0.100358
1 0.518145 0.708781 0.084677 0.084229
1 0.485383 0.813620 0.063508 0.129032
6 0.404738 0.919355 0.073589 0.086022