6 0.120464 0.215054 0.081653 0.103943
6 0.660786 0.330645 0.077621 0.141577
6 0.716230 0.500000 0.069556 0.093190
6 0.753528 0.743728 0.045363 0.129032
6 0.662298 0.872760 0.052419 0.139785
6 0.757056 0.914875 0.078629 0.066308
6 0.316028 0.930108 0.083669 0.111111
1 0.484375 0.559140 0.055444 0.139785
1 0.460685 0.717742 0.080645 0.134409
1 0.436492 0.853047 0.084677 0.100358
1 0.504032 0.916667 0.088710 0.123656
0 0.153226 0.498208 0.054435 0.114695
0 0.250000 0.586918 0.106855 0.098566
0 0.244456 0.673835 0.097782 0.086022
0 0.214718 0.735663 0.088710 0.166667
0 0.714214 0.692652 0.089718 0.152330
0 0.142137 0.944444 0.084677 0.064516