0 0.252520 0.614695 0.123992 0.082437
0 0.768649 0.454301 0.085685 0.127240
0 0.786794 0.697133 0.057460 0.164875
6 0.171875 0.764337 0.089718 0.069892
6 0.212702 0.864695 0.048387 0.188172
6 0.230847 0.706093 0.064516 0.139785
6 0.295363 0.750000 0.084677 0.102151
6 0.277722 0.827957 0.085685 0.146953
6 0.261089 0.870072 0.068548 0.163082
6 0.922379 0.245520 0.042339 0.125448
0 0.246976 0.499104 0.096774 0.109319
1 0.513105 0.478495 0.112903 0.086022
1 0.458669 0.486559 0.060484 0.130824
1 0.445565 0.602151 0.096774 0.086022
1 0.497480 0.632616 0.077621 0.136201
1 0.451613 0.800179 0.074597 0.130824
1 0.487903 0.932796 0.076613 0.116487
4 0.104839 0.232975 0.066532 0.129032