0 0.721774 0.480287 0.114919 0.103943
4 0.105847 0.227599 0.032258 0.143369
0 0.234375 0.490143 0.071573 0.163082
0 0.261593 0.593190 0.101815 0.107527
0 0.246976 0.701613 0.078629 0.080645
0 0.165827 0.730287 0.049395 0.116487
0 0.793851 0.708781 0.055444 0.145161
1 0.504032 0.485663 0.110887 0.078853
1 0.426915 0.547491 0.043347 0.170251
1 0.472278 0.568996 0.065524 0.152330
1 0.484375 0.934588 0.099798 0.094982
6 0.215726 0.838710 0.042339 0.164875
6 0.922379 0.222222 0.046371 0.107527
5 0.982863 0.292115 0.034274 0.093190
6 0.660786 0.715950 0.099798 0.137993