0 0.156754 0.503584 0.075605 0.078853
0 0.221270 0.492832 0.075605 0.157706
0 0.247480 0.667563 0.115927 0.120072
0 0.182964 0.741039 0.063508 0.202509
1 0.516633 0.467742 0.097782 0.086022
1 0.457661 0.577061 0.066532 0.125448
1 0.511089 0.633513 0.088710 0.077061
1 0.496976 0.701613 0.080645 0.084229
1 0.456149 0.790323 0.053427 0.121864
1 0.494960 0.856631 0.078629 0.100358
1 0.426915 0.903226 0.087702 0.075269
0 0.719254 0.668459 0.061492 0.161290
0 0.814012 0.482079 0.083669 0.093190
6 0.669355 0.486559 0.096774 0.130824
0 0.799899 0.677419 0.081653 0.114695
6 0.484375 0.224910 0.117944 0.073477