6 0.464214 0.232079 0.099798 0.084229
0 0.252016 0.592294 0.114919 0.105735
1 0.510585 0.470430 0.113911 0.077061
1 0.453629 0.589606 0.066532 0.125448
1 0.512097 0.638889 0.086694 0.077061
1 0.493448 0.720430 0.089718 0.111111
1 0.463206 0.798387 0.043347 0.137993
1 0.430948 0.905914 0.091734 0.105735
6 0.675907 0.493728 0.085685 0.141577
0 0.723790 0.670251 0.074597 0.157706
0 0.816028 0.681004 0.093750 0.100358
0 0.821573 0.483871 0.082661 0.078853
0 0.577621 0.924731 0.102823 0.093190
0 0.278226 0.887097 0.084677 0.161290
6 0.130040 0.172939 0.052419 0.134409