0 0.197077 0.735663 0.039315 0.170251
0 0.258065 0.594086 0.112903 0.127240
0 0.713710 0.688172 0.054435 0.172043
0 0.755040 0.728495 0.036290 0.202509
0 0.807964 0.689068 0.065524 0.112903
0 0.817036 0.485663 0.075605 0.114695
6 0.462198 0.230287 0.101815 0.087814
6 0.391633 0.711470 0.103831 0.089606
6 0.658266 0.483871 0.048387 0.211470
6 0.596270 0.760753 0.077621 0.145161
6 0.594758 0.906810 0.112903 0.107527
6 0.706149 0.169355 0.049395 0.177419
6 0.957157 0.235663 0.053427 0.091398
1 0.513105 0.466846 0.094758 0.080645
1 0.453125 0.568996 0.093750 0.069892
1 0.513609 0.632616 0.085685 0.075269
1 0.459173 0.939964 0.045363 0.112903