0 0.202117 0.723118 0.055444 0.098566
0 0.251008 0.563620 0.082661 0.163082
0 0.699597 0.533154 0.090726 0.155914
0 0.778730 0.715054 0.051411 0.154122
6 0.917339 0.225806 0.050403 0.064516
6 0.934476 0.443548 0.066532 0.084229
6 0.607359 0.438172 0.057460 0.181004
6 0.579133 0.612007 0.091734 0.091398
6 0.288810 0.843190 0.081653 0.105735
0 0.150706 0.474014 0.043347 0.155914
1 0.451613 0.453405 0.094758 0.082437
1 0.514113 0.553763 0.100806 0.078853
1 0.446573 0.615591 0.090726 0.094982
1 0.442540 0.764337 0.074597 0.091398
1 0.466230 0.862007 0.045363 0.093190
1 0.502520 0.934588 0.095766 0.094982