0 0.153730 0.487455 0.071573 0.111111
0 0.256552 0.609319 0.097782 0.118280
0 0.194556 0.724014 0.052419 0.139785
6 0.685988 0.237455 0.107863 0.066308
6 0.608871 0.446237 0.076613 0.161290
6 0.712702 0.575269 0.074597 0.143369
6 0.701109 0.670251 0.079637 0.089606
6 0.209677 0.380824 0.108871 0.084229
6 0.860383 0.912186 0.065524 0.096774
1 0.501512 0.567204 0.105847 0.105735
1 0.447581 0.642473 0.096774 0.073477
1 0.463206 0.738351 0.061492 0.111111
1 0.520665 0.827957 0.073589 0.086022
1 0.463710 0.870072 0.044355 0.116487
1 0.509577 0.939068 0.091734 0.118280
0 0.776210 0.710573 0.068548 0.127240