0 0.190020 0.474910 0.063508 0.182796
0 0.239415 0.524194 0.077621 0.130824
0 0.251512 0.637097 0.103831 0.059140
0 0.220766 0.717742 0.056452 0.123656
0 0.718246 0.477599 0.107863 0.112903
0 0.703629 0.637993 0.122984 0.068100
6 0.644153 0.325269 0.060484 0.152330
1 0.510081 0.484767 0.100806 0.066308
1 0.457157 0.517025 0.053427 0.123656
1 0.449093 0.652330 0.065524 0.132616
1 0.458669 0.764337 0.070565 0.091398
1 0.502016 0.861111 0.098790 0.091398
6 0.938004 0.201613 0.065524 0.073477
6 0.391129 0.172939 0.060484 0.170251
6 0.399698 0.931900 0.085685 0.086022