0 0.194556 0.471326 0.066532 0.182796
0 0.244960 0.521505 0.086694 0.118280
0 0.257056 0.627240 0.122984 0.075269
0 0.208669 0.733871 0.064516 0.170251
0 0.710181 0.486559 0.087702 0.130824
0 0.725302 0.698029 0.043347 0.191756
6 0.852823 0.737455 0.058468 0.059140
6 0.580141 0.307348 0.071573 0.170251
6 0.644657 0.327957 0.047379 0.146953
6 0.424395 0.299283 0.127016 0.068100
6 0.947077 0.202509 0.069556 0.064516
1 0.505544 0.448925 0.043347 0.130824
1 0.509073 0.604839 0.052419 0.145161
1 0.491431 0.689068 0.073589 0.130824
1 0.500000 0.855735 0.084677 0.091398
6 0.362399 0.846774 0.091734 0.120072
6 0.910282 0.478495 0.046371 0.078853