0 0.185484 0.362903 0.068548 0.137993
0 0.275202 0.379928 0.102823 0.189964
0 0.271169 0.551971 0.116935 0.057348
0 0.728831 0.468638 0.116935 0.127240
0 0.832157 0.378136 0.057460 0.096774
1 0.628024 0.191756 0.092742 0.100358
1 0.410786 0.566308 0.109879 0.082437
1 0.443548 0.748208 0.062500 0.127240
5 0.750000 0.761649 0.076613 0.093190
3 0.823085 0.139785 0.055444 0.204301
3 0.870464 0.127240 0.047379 0.182796
3 0.906250 0.155018 0.044355 0.137993
3 0.934980 0.097670 0.047379 0.145161
3 0.964214 0.205197 0.037298 0.159498