1 0.284274 0.813620 0.056452 0.175627
1 0.707661 0.407706 0.044355 0.188172
1 0.561492 0.750000 0.048387 0.091398
0 0.824597 0.347670 0.064516 0.129032
0 0.296875 0.455197 0.109879 0.107527
0 0.190020 0.378136 0.079637 0.114695
1 0.410786 0.829749 0.079637 0.093190
1 0.479335 0.951613 0.115927 0.068100
1 0.629536 0.887993 0.035282 0.087814
1 0.815524 0.914875 0.072581 0.062724
5 0.751512 0.750000 0.069556 0.116487
3 0.865423 0.124552 0.053427 0.173835
3 0.897681 0.149642 0.049395 0.163082
3 0.936492 0.102151 0.050403 0.164875
1 0.125504 0.344086 0.053427 0.150538
1 0.925907 0.836022 0.055444 0.112903
1 0.690020 0.773297 0.047379 0.155914
2 0.966734 0.465054 0.038306 0.120072