1 0.127520 0.336918 0.045363 0.154122
1 0.232863 0.259857 0.084677 0.136201
1 0.535282 0.805556 0.042339 0.148746
1 0.349294 0.939964 0.093750 0.077061
1 0.605847 0.242832 0.052419 0.177419
0 0.169355 0.368280 0.060484 0.127240
0 0.714214 0.370968 0.111895 0.107527
0 0.826109 0.336918 0.061492 0.111111
5 0.740423 0.746416 0.057460 0.116487
2 0.962198 0.465054 0.055444 0.105735
3 0.866431 0.122760 0.053427 0.184588
3 0.915323 0.075269 0.054435 0.150538
3 0.904738 0.183692 0.045363 0.137993
1 0.845766 0.865591 0.060484 0.086022
0 0.293851 0.452509 0.113911 0.116487