0 0.261593 0.534050 0.053427 0.089606
1 0.228831 0.145161 0.052419 0.139785
1 0.533266 0.808244 0.074597 0.118280
1 0.639617 0.910394 0.077621 0.078853
1 0.654738 0.193548 0.075605 0.172043
1 0.769153 0.558244 0.076613 0.105735
5 0.733367 0.750000 0.055444 0.109319
1 0.838206 0.892473 0.083669 0.082437
2 0.923891 0.736559 0.053427 0.107527
2 0.966230 0.587814 0.045363 0.103943
3 0.873488 0.118280 0.049395 0.182796
3 0.904738 0.161290 0.043347 0.114695
3 0.919859 0.078853 0.061492 0.143369
3 0.981855 0.156810 0.032258 0.181004