1 0.249496 0.153226 0.071573 0.188172
1 0.760585 0.249104 0.043347 0.129032
1 0.634073 0.924731 0.086694 0.068100
0 0.288810 0.479391 0.097782 0.109319
0 0.271169 0.557348 0.076613 0.118280
5 0.679940 0.838710 0.065524 0.086022
1 0.959677 0.517025 0.056452 0.062724
2 0.959677 0.608423 0.042339 0.098566
1 0.836694 0.872760 0.076613 0.068100
1 0.107863 0.264337 0.050403 0.145161
3 0.866935 0.116487 0.052419 0.168459
3 0.913306 0.079749 0.056452 0.152330
3 0.905746 0.172939 0.031250 0.105735
3 0.982863 0.149642 0.034274 0.184588