0 0.227823 0.348566 0.064516 0.173835
0 0.272177 0.552867 0.084677 0.105735
0 0.794355 0.300179 0.070565 0.170251
0 0.737903 0.531362 0.076613 0.116487
1 0.254032 0.135305 0.060484 0.191756
1 0.392641 0.119176 0.103831 0.134409
1 0.968750 0.528674 0.056452 0.089606
1 0.556452 0.784946 0.068548 0.078853
2 0.983871 0.389785 0.032258 0.141577
2 0.950605 0.629928 0.048387 0.080645
5 0.681452 0.835125 0.058468 0.089606
1 0.625504 0.908602 0.091734 0.078853
3 0.869456 0.118280 0.051411 0.182796
3 0.917843 0.069892 0.051411 0.139784
3 0.904234 0.166667 0.036290 0.129032
3 0.949597 0.194444 0.052419 0.134409
1 0.105847 0.254480 0.044355 0.175627