0 0.740423 0.311828 0.065524 0.182796
0 0.290827 0.422043 0.087702 0.080645
1 0.647681 0.491935 0.109879 0.069892
1 0.458165 0.645161 0.081653 0.132616
1 0.439516 0.753584 0.092742 0.109319
1 0.649698 0.713262 0.099798 0.082437
1 0.714214 0.784946 0.077621 0.050179
1 0.704637 0.878136 0.072581 0.053763
1 0.661794 0.929211 0.053427 0.134409
1 0.863407 0.278674 0.061492 0.166667
3 0.794859 0.105735 0.047379 0.146953
3 0.870968 0.068100 0.052419 0.136200
3 0.963710 0.106631 0.062500 0.173835
1 0.796875 0.818996 0.027218 0.093190