0 0.197581 0.348566 0.074597 0.120072
0 0.278730 0.363799 0.093750 0.139785
0 0.798387 0.295699 0.050403 0.179211
0 0.847782 0.367384 0.052419 0.111111
1 0.446573 0.437276 0.092742 0.118280
1 0.598790 0.379928 0.092742 0.143369
1 0.536290 0.913978 0.078629 0.103943
5 0.681452 0.859319 0.054435 0.112903
1 0.815020 0.750896 0.071573 0.111111
3 0.807460 0.112903 0.066532 0.139785
3 0.848286 0.136201 0.051411 0.154122
3 0.904738 0.077061 0.049395 0.154122
3 0.986391 0.129928 0.027218 0.173835
1 0.420363 0.904122 0.054435 0.069892