0 0.760585 0.444444 0.033266 0.182796
0 0.698085 0.612903 0.121976 0.071685
1 0.497984 0.508065 0.070565 0.137993
1 0.450605 0.571685 0.090726 0.086022
1 0.479335 0.668459 0.045363 0.132616
1 0.455645 0.723118 0.072581 0.080645
1 0.502520 0.777778 0.073589 0.103943
0 0.229839 0.485663 0.092742 0.125448
0 0.191028 0.743728 0.059476 0.168459
5 0.130544 0.891577 0.067540 0.134409
6 0.634073 0.256272 0.072581 0.168459
6 0.264113 0.709677 0.064516 0.172043
6 0.920363 0.187276 0.052419 0.145161
6 0.877016 0.328853 0.090726 0.073477
6 0.920867 0.910394 0.045363 0.139785
6 0.422379 0.299283 0.066532 0.218638
6 0.183972 0.353047 0.045363 0.164875
6 0.973790 0.840502 0.052419 0.078853
6 0.672379 0.736559 0.060484 0.161290
6 0.264113 0.146057 0.110887 0.066308
6 0.247480 0.884409 0.109879 0.062724