0 0.178931 0.459677 0.043347 0.181004
0 0.214214 0.460573 0.061492 0.172043
0 0.241935 0.672043 0.074597 0.136201
0 0.168347 0.732975 0.040323 0.150538
0 0.733367 0.479391 0.128024 0.112903
6 0.275706 0.331541 0.121976 0.053763
6 0.667843 0.693548 0.107863 0.111111
6 0.599294 0.318100 0.115927 0.109319
6 0.729335 0.088710 0.039315 0.155914
6 0.951109 0.518817 0.073589 0.066308
6 0.954637 0.715054 0.066532 0.050179
1 0.500504 0.517025 0.071573 0.130824
1 0.495968 0.702509 0.078629 0.136201
1 0.437500 0.852151 0.088710 0.105735
1 0.469758 0.923835 0.046371 0.127240