0 0.247984 0.541219 0.104839 0.093190
0 0.233871 0.708781 0.070565 0.177419
0 0.167339 0.733871 0.050403 0.141577
1 0.453629 0.475806 0.096774 0.094982
1 0.457157 0.576165 0.055444 0.123656
1 0.511089 0.629928 0.102823 0.105735
1 0.499496 0.703405 0.095766 0.077061
1 0.454637 0.764337 0.082661 0.062724
1 0.501512 0.953405 0.101815 0.068100
0 0.688004 0.574373 0.111895 0.098566
6 0.647177 0.259857 0.086694 0.068100
6 0.165323 0.925627 0.052419 0.105735
6 0.948085 0.576165 0.069556 0.073477
6 0.839718 0.222222 0.036290 0.125448
6 0.525706 0.425627 0.059476 0.145161