0 0.253528 0.373656 0.105847 0.145161
0 0.275202 0.547491 0.064516 0.120072
0 0.832157 0.348566 0.057460 0.170251
0 0.732359 0.316308 0.097782 0.141577
0 0.713206 0.402330 0.111895 0.112903
2 0.435988 0.472222 0.063508 0.112903
2 0.656754 0.233871 0.061492 0.145161
2 0.615423 0.087814 0.061492 0.139785
1 0.264113 0.066308 0.088710 0.078853
1 0.320060 0.208781 0.103831 0.159498
1 0.449597 0.337814 0.076613 0.145161
3 0.816028 0.105735 0.057460 0.150538
3 0.866431 0.064516 0.053427 0.129032
3 0.915827 0.063620 0.041331 0.127240
3 0.980343 0.108423 0.039314 0.152330
3 0.917843 0.169355 0.037298 0.112903
1 0.968246 0.325269 0.061492 0.094982