0 0.197077 0.444444 0.063508 0.172043
0 0.242440 0.484767 0.097782 0.145161
0 0.251008 0.681004 0.092742 0.154122
0 0.199597 0.714158 0.078629 0.123656
1 0.510585 0.474910 0.095766 0.093190
1 0.507056 0.592294 0.090726 0.120072
1 0.511089 0.772401 0.108871 0.118280
1 0.454133 0.931004 0.051411 0.123656
0 0.745464 0.444444 0.057460 0.161290
0 0.707157 0.534946 0.099798 0.077061
0 0.697581 0.604839 0.100806 0.077061
0 0.714214 0.694444 0.063508 0.213262
0 0.748488 0.712366 0.033266 0.177419
0 0.803427 0.471326 0.042339 0.111111
0 0.780746 0.550179 0.001008 0.007168
5 0.919355 0.707885 0.056452 0.093190
5 0.502016 0.239247 0.118952 0.120072