0 0.194556 0.476703 0.058468 0.161290
0 0.233367 0.690860 0.053427 0.163082
6 0.326109 0.280466 0.079637 0.134409
6 0.960685 0.490143 0.066532 0.091398
0 0.802419 0.480287 0.080645 0.082437
6 0.663810 0.301075 0.075605 0.132616
6 0.652218 0.508961 0.060484 0.179211
1 0.468246 0.437276 0.055444 0.157706
1 0.494456 0.582437 0.063508 0.103943
1 0.439012 0.650538 0.089718 0.078853
1 0.515121 0.653226 0.102823 0.098566
1 0.502016 0.744624 0.110887 0.123656
1 0.514617 0.882616 0.083669 0.130824
6 0.321069 0.937276 0.109879 0.071685