0 0.226310 0.502688 0.128024 0.066308
0 0.254536 0.580645 0.121976 0.071685
0 0.711694 0.682796 0.084677 0.172043
6 0.663306 0.301971 0.054435 0.127240
6 0.675907 0.448925 0.109879 0.091398
6 0.939516 0.621864 0.032258 0.132616
5 0.951109 0.907706 0.039315 0.130824
1 0.517641 0.497312 0.091734 0.069892
1 0.487903 0.659498 0.082661 0.068100
1 0.503024 0.753584 0.086694 0.087814
1 0.511089 0.871864 0.098790 0.091398
6 0.320565 0.942652 0.112903 0.060932
6 0.792339 0.191756 0.082661 0.103943
6 0.628528 0.588710 0.103831 0.062724