1 0.123992 0.083333 0.052419 0.087814
0 0.245464 0.370072 0.089718 0.148746
0 0.303427 0.420251 0.106855 0.112903
0 0.302923 0.469534 0.123992 0.064516
0 0.247480 0.575269 0.065524 0.103943
0 0.720766 0.393369 0.108871 0.080645
0 0.841230 0.364695 0.075605 0.069892
0 0.743952 0.543011 0.080645 0.118280
2 0.392137 0.271505 0.088710 0.120072
3 0.810484 0.120072 0.050403 0.146953
3 0.875504 0.074373 0.045363 0.148746
3 0.919355 0.160394 0.044355 0.148746
3 0.954133 0.173835 0.041331 0.125448
3 0.984375 0.131720 0.031250 0.137993
3 0.978831 0.256272 0.032258 0.107527