5 0.127520 0.436380 0.057460 0.112903
6 0.145665 0.329749 0.081653 0.082437
0 0.268145 0.543907 0.135081 0.062724
0 0.239919 0.699821 0.098790 0.155914
0 0.776210 0.442652 0.044355 0.204301
0 0.691532 0.552867 0.116935 0.116487
0 0.765121 0.733871 0.050403 0.213262
5 0.822581 0.938172 0.056452 0.123656
6 0.931452 0.896953 0.040323 0.077061
6 0.903730 0.704301 0.083669 0.060932
6 0.883065 0.376344 0.060484 0.068100
6 0.907258 0.274194 0.086694 0.100358
6 0.689516 0.297491 0.094758 0.114695
6 0.590222 0.410394 0.059476 0.175627
1 0.480343 0.515233 0.043347 0.141577
1 0.476815 0.924731 0.072581 0.093190
6 0.226310 0.922939 0.073589 0.050179
6 0.399194 0.904122 0.078629 0.091398
0 0.150706 0.700717 0.063508 0.118280