0 0.256048 0.563620 0.122984 0.069892
0 0.236895 0.705197 0.060484 0.181004
0 0.173891 0.729391 0.047379 0.161290
0 0.701613 0.553763 0.092742 0.078853
6 0.926915 0.385305 0.035282 0.103943
6 0.958669 0.648746 0.040323 0.139785
6 0.894153 0.892473 0.074597 0.093190
6 0.722278 0.783154 0.085685 0.111111
6 0.526210 0.911290 0.048387 0.163082
6 0.704133 0.291219 0.083669 0.116487
1 0.474798 0.456093 0.066532 0.109319
1 0.481351 0.613799 0.069556 0.163082
1 0.495968 0.772401 0.088710 0.143369
6 0.112903 0.264337 0.042339 0.130824