4 0.111391 0.272401 0.061492 0.164875
0 0.250000 0.525986 0.122984 0.077061
0 0.210685 0.722222 0.052419 0.172043
6 0.714214 0.274194 0.109879 0.107527
6 0.863911 0.409498 0.054435 0.069892
6 0.760585 0.767921 0.101815 0.091398
6 0.528226 0.921147 0.040323 0.132616
6 0.701613 0.591398 0.072581 0.175627
6 0.369456 0.397849 0.095766 0.118280
1 0.474798 0.456093 0.064516 0.112903
1 0.482863 0.596774 0.060484 0.118280
1 0.514113 0.687276 0.102823 0.087814
1 0.427923 0.862903 0.083669 0.116487
6 0.774194 0.876344 0.048387 0.164875
6 0.938004 0.305556 0.039315 0.141577