0 0.246472 0.529570 0.121976 0.084229
0 0.201109 0.742832 0.047379 0.191756
6 0.530242 0.356631 0.096774 0.168459
1 0.468750 0.453405 0.072581 0.114695
1 0.485887 0.596774 0.056452 0.136201
1 0.512601 0.691756 0.093750 0.086022
6 0.701109 0.271505 0.111895 0.112903
6 0.695060 0.550179 0.061492 0.161290
6 0.700101 0.764337 0.095766 0.073477
6 0.767641 0.870072 0.053427 0.177419
6 0.846270 0.416667 0.055444 0.109319
6 0.544355 0.935484 0.086694 0.093190
6 0.922379 0.258961 0.058468 0.159498
1 0.433972 0.883513 0.091734 0.111111
6 0.944556 0.694444 0.070565 0.116487