0 0.240927 0.491039 0.098790 0.121864
0 0.260081 0.586918 0.096774 0.080645
0 0.253528 0.661290 0.077621 0.111111
0 0.227823 0.720430 0.062500 0.172043
1 0.463710 0.414875 0.048387 0.170251
1 0.440020 0.534050 0.075605 0.129032
1 0.514113 0.551971 0.086694 0.093190
1 0.491431 0.633513 0.099798 0.080645
1 0.435484 0.795699 0.084677 0.103943
0 0.790827 0.466846 0.045363 0.137993
0 0.691532 0.618280 0.086694 0.089606
0 0.726815 0.696237 0.056452 0.155914
6 0.669859 0.370072 0.041331 0.209677
6 0.701613 0.197133 0.058468 0.146953
6 0.375000 0.250000 0.096774 0.098566
6 0.867944 0.274194 0.042339 0.129032
6 0.628528 0.346774 0.065524 0.152330
6 0.660786 0.048387 0.055444 0.086022
6 0.390121 0.568100 0.040323 0.179211
6 0.787298 0.212366 0.068548 0.177419