0 0.187500 0.469534 0.036290 0.172043
0 0.254536 0.575269 0.107863 0.082437
0 0.243952 0.666667 0.078629 0.139785
0 0.228327 0.710573 0.081653 0.163082
1 0.447077 0.548387 0.085685 0.103943
1 0.469254 0.411290 0.055444 0.170251
1 0.522177 0.555556 0.082661 0.111111
1 0.482359 0.749104 0.065524 0.150538
1 0.467238 0.881720 0.067540 0.136201
6 0.291331 0.286738 0.066532 0.143369
6 0.569556 0.307348 0.056452 0.177419
6 0.622480 0.310036 0.043347 0.197133
6 0.675403 0.337814 0.054435 0.202509
6 0.355847 0.654122 0.044355 0.229391
0 0.749496 0.448029 0.045363 0.189964
5 0.951109 0.615591 0.049395 0.137993
6 0.714214 0.195341 0.061492 0.143369