0 0.184476 0.462366 0.046371 0.182796
0 0.251008 0.566308 0.112903 0.103943
0 0.251512 0.648746 0.079637 0.118280
0 0.227823 0.710573 0.084677 0.159498
0 0.720262 0.493728 0.105847 0.098566
0 0.802419 0.682796 0.082661 0.103943
6 0.734879 0.841398 0.060484 0.170251
1 0.457661 0.461470 0.066532 0.120072
1 0.492944 0.729391 0.066532 0.111111
1 0.435484 0.787634 0.086694 0.109319
1 0.486895 0.942652 0.052419 0.111111
6 0.315524 0.538530 0.056452 0.155914
6 0.707661 0.196237 0.048387 0.145161
6 0.590222 0.499104 0.041331 0.213262
6 0.342238 0.370072 0.075605 0.116487
6 0.488407 0.096774 0.089718 0.089606
6 0.932460 0.330645 0.058468 0.066308