0 0.203125 0.484767 0.087702 0.148746
0 0.252016 0.672939 0.094758 0.120072
1 0.413306 0.458781 0.092742 0.093190
1 0.478831 0.418459 0.058468 0.166667
1 0.488911 0.655018 0.056452 0.159498
1 0.422379 0.655018 0.090726 0.084229
1 0.450101 0.957885 0.071573 0.066308
0 0.753024 0.442652 0.066532 0.182796
0 0.692540 0.588710 0.122984 0.066308
6 0.574597 0.663978 0.062500 0.184588
6 0.656754 0.775986 0.119960 0.121864
6 0.681452 0.242832 0.036290 0.191756
6 0.864919 0.308244 0.042339 0.164875
6 0.939012 0.766129 0.027218 0.087814
6 0.909274 0.405914 0.044355 0.137993
6 0.238911 0.918459 0.060484 0.163082