0 0.205141 0.485663 0.095766 0.096774
0 0.271673 0.599462 0.130040 0.084229
0 0.200605 0.713262 0.088710 0.132616
0 0.691532 0.598566 0.116935 0.093190
0 0.756552 0.453405 0.049395 0.186380
6 0.661290 0.181004 0.088710 0.096774
6 0.716734 0.229391 0.082661 0.125448
6 0.867944 0.289427 0.048387 0.202509
6 0.939012 0.425627 0.047379 0.159498
6 0.807460 0.790323 0.096774 0.071685
1 0.478831 0.394265 0.056452 0.182796
1 0.452621 0.525986 0.098790 0.098566
1 0.509073 0.621864 0.096774 0.103943
1 0.463710 0.692652 0.046371 0.148746
6 0.345766 0.930108 0.118952 0.093190