1 0.108367 0.327957 0.055444 0.129032
1 0.126008 0.434588 0.074597 0.077061
1 0.290323 0.440860 0.108871 0.071685
1 0.547883 0.249104 0.039315 0.186380
0 0.392137 0.422043 0.044355 0.213262
0 0.468246 0.359319 0.065524 0.191756
0 0.289819 0.149642 0.065524 0.127240
1 0.738911 0.216846 0.044355 0.154122
2 0.881048 0.424731 0.076613 0.107527
2 0.871472 0.621864 0.061492 0.111111
2 0.936492 0.226703 0.064516 0.073477
2 0.938004 0.697133 0.061492 0.136201
2 0.934980 0.910394 0.073589 0.096774
6 0.165827 0.932796 0.055444 0.102151