0 0.217742 0.481183 0.100806 0.112903
0 0.270161 0.618280 0.116935 0.096774
0 0.205141 0.722222 0.091734 0.139785
0 0.758569 0.448029 0.055444 0.189964
6 0.655746 0.184588 0.103831 0.096774
6 0.683972 0.643369 0.091734 0.089606
6 0.802923 0.931004 0.061492 0.080645
6 0.942036 0.473118 0.027218 0.175627
6 0.877520 0.387993 0.029234 0.170251
6 0.897177 0.199821 0.048387 0.102151
6 0.922379 0.833333 0.054435 0.129032
1 0.457661 0.508065 0.098790 0.102151
1 0.515121 0.638889 0.070565 0.109319
1 0.465726 0.677419 0.072581 0.118280
6 0.357359 0.925627 0.105847 0.073477