3 0.151714 0.097670 0.049395 0.148746
3 0.797883 0.241935 0.132056 0.132616
0 0.231351 0.491935 0.121976 0.134409
0 0.254032 0.687276 0.098790 0.123656
0 0.186996 0.750000 0.055444 0.163082
1 0.465222 0.488351 0.085685 0.120072
1 0.483367 0.622760 0.063508 0.181004
1 0.455141 0.770609 0.103831 0.103943
1 0.480847 0.862007 0.048387 0.146953
5 0.545867 0.891577 0.061492 0.155914
5 0.599798 0.486559 0.088710 0.130824
0 0.793851 0.442652 0.075605 0.157706
0 0.688508 0.581541 0.114919 0.094982
0 0.770161 0.700717 0.048387 0.175627
5 0.728327 0.840502 0.111895 0.111111
3 0.160786 0.912186 0.075605 0.157706