0 0.191028 0.496416 0.097782 0.082437
0 0.241935 0.702509 0.086694 0.143369
0 0.203125 0.718638 0.099798 0.139785
6 0.365927 0.274194 0.102823 0.071685
6 0.657762 0.177419 0.085685 0.082437
6 0.730847 0.232079 0.078629 0.091398
6 0.800403 0.250896 0.062500 0.175627
6 0.878528 0.405914 0.037298 0.181004
0 0.804435 0.485663 0.082661 0.075269
1 0.477823 0.402330 0.042339 0.181004
1 0.442036 0.592294 0.105847 0.069892
1 0.523185 0.681900 0.080645 0.062724
1 0.438508 0.874552 0.086694 0.089606
6 0.888105 0.887993 0.054435 0.112903
6 0.161290 0.843190 0.084677 0.123656
6 0.343246 0.939068 0.107863 0.082437
6 0.669355 0.696237 0.104839 0.109319