2 0.922883 0.197133 0.045363 0.089606
2 0.934980 0.299283 0.047379 0.100358
2 0.864415 0.342294 0.071573 0.078853
2 0.873992 0.464158 0.072581 0.107527
2 0.879032 0.769713 0.072581 0.127240
2 0.934980 0.853943 0.055444 0.112903
2 0.926915 0.962366 0.057460 0.075268
1 0.722278 0.112903 0.059476 0.157706
1 0.703125 0.488351 0.063508 0.188172
6 0.662802 0.646057 0.073589 0.206093
6 0.456653 0.820789 0.080645 0.136201
1 0.621976 0.866487 0.098790 0.098566
0 0.462198 0.370968 0.109879 0.107527
0 0.333669 0.612903 0.086694 0.064516