0 0.408770 0.408602 0.049395 0.164875
1 0.074597 0.378136 0.048387 0.132616
1 0.654234 0.371864 0.066532 0.181004
1 0.776210 0.223118 0.098790 0.105735
1 0.293347 0.136201 0.044355 0.125448
1 0.180948 0.739247 0.067540 0.163082
2 0.920363 0.196237 0.048387 0.084229
2 0.931452 0.310932 0.058468 0.116487
2 0.867440 0.340502 0.063508 0.086022
2 0.871472 0.457885 0.069556 0.080645
2 0.871976 0.760753 0.064516 0.102151
2 0.929940 0.835125 0.053427 0.114695
2 0.878024 0.924731 0.046371 0.089606
2 0.920363 0.950717 0.060484 0.087814