1 0.481855 0.405018 0.048387 0.157706
1 0.441532 0.548387 0.102823 0.068100
1 0.518145 0.686380 0.100806 0.071685
1 0.482863 0.608423 0.102823 0.120072
1 0.445565 0.754480 0.090726 0.068100
1 0.497480 0.912186 0.097782 0.078853
6 0.715726 0.210573 0.052419 0.163082
0 0.775706 0.447133 0.055444 0.177419
0 0.732359 0.708781 0.065524 0.184588
0 0.243448 0.601254 0.085685 0.112903
0 0.236895 0.713262 0.098790 0.125448
6 0.330141 0.930108 0.097782 0.096774
0 0.181956 0.453405 0.049395 0.211470
5 0.931956 0.236559 0.051411 0.111111
6 0.959173 0.482975 0.049395 0.152330
6 0.592742 0.088710 0.110887 0.084229