0 0.180444 0.474910 0.060484 0.186380
0 0.700101 0.118280 0.101815 0.075269
0 0.902722 0.339606 0.037298 0.141577
0 0.884577 0.407706 0.061492 0.170251
6 0.952621 0.495520 0.036290 0.155914
0 0.727823 0.461470 0.090726 0.163082
0 0.250000 0.585125 0.094758 0.116487
0 0.247984 0.714158 0.082661 0.155914
4 0.714214 0.279570 0.073589 0.139785
0 0.736895 0.721326 0.068548 0.198925
1 0.476815 0.396057 0.044355 0.175627
1 0.516633 0.480287 0.099798 0.060932
1 0.443548 0.556452 0.094758 0.087814
1 0.443548 0.762545 0.090726 0.080645
1 0.474798 0.655018 0.060484 0.134409
1 0.512601 0.831541 0.095766 0.075269
1 0.489415 0.916667 0.097782 0.077061
6 0.343750 0.920251 0.120968 0.084229