0 0.178931 0.444444 0.053427 0.207885
0 0.238407 0.542115 0.079637 0.213262
0 0.190524 0.726703 0.080645 0.141577
0 0.705645 0.564516 0.102823 0.114695
0 0.771169 0.453405 0.074597 0.143369
0 0.738407 0.715950 0.047379 0.177419
6 0.872984 0.409498 0.040323 0.166667
6 0.905242 0.355735 0.048387 0.137993
6 0.944556 0.529570 0.044355 0.077061
6 0.706149 0.241039 0.053427 0.188172
1 0.518649 0.491935 0.113911 0.087814
1 0.500504 0.575269 0.077621 0.107527
1 0.419859 0.588710 0.101815 0.073477
1 0.486895 0.675627 0.082661 0.078853
1 0.445565 0.761649 0.084677 0.082437
1 0.449597 0.841398 0.068548 0.062724
1 0.485383 0.898746 0.099798 0.069892
1 0.347782 0.924731 0.054435 0.139785
6 0.116935 0.810932 0.046371 0.170251
6 0.725302 0.827957 0.095766 0.078853
5 0.923387 0.238351 0.046371 0.132616