4 0.112399 0.180108 0.043347 0.134409
6 0.225302 0.167563 0.113911 0.077061
0 0.246976 0.525090 0.106855 0.154122
0 0.237903 0.705197 0.096774 0.130824
1 0.504032 0.484767 0.106855 0.087814
1 0.510585 0.624552 0.061492 0.120072
1 0.441532 0.577957 0.086694 0.094982
1 0.514113 0.775986 0.098790 0.082437
1 0.444556 0.805556 0.068548 0.137993
6 0.402722 0.912186 0.085685 0.096774
0 0.708165 0.509857 0.077621 0.120072
6 0.671875 0.218638 0.101815 0.078853
6 0.824597 0.413082 0.104839 0.098566
6 0.698085 0.923835 0.045363 0.141577