0 0.207661 0.501792 0.088710 0.093190
0 0.703125 0.507168 0.113911 0.086022
6 0.704637 0.364695 0.062500 0.163082
6 0.811996 0.322581 0.071573 0.164875
6 0.943044 0.586022 0.031250 0.093190
6 0.206653 0.911290 0.054435 0.137993
1 0.503528 0.491039 0.083669 0.075269
1 0.498992 0.413082 0.092742 0.073477
1 0.516633 0.597670 0.071573 0.127240
1 0.425403 0.699821 0.082661 0.069892
1 0.469254 0.797491 0.063508 0.146953
1 0.490423 0.898746 0.111895 0.098566
1 0.427419 0.945341 0.114919 0.094982
6 0.489919 0.305556 0.098790 0.087814