0 0.726815 0.482975 0.116935 0.120072
4 0.706149 0.307348 0.105847 0.123656
6 0.672379 0.150538 0.100806 0.086022
5 0.876008 0.236559 0.066532 0.093190
6 0.824093 0.309140 0.059476 0.127240
6 0.890121 0.428315 0.086694 0.118280
0 0.701109 0.594086 0.121976 0.087814
0 0.732863 0.685484 0.116935 0.098566
6 0.813508 0.861111 0.096774 0.102151
6 0.685484 0.856631 0.084677 0.136201
6 0.236391 0.769713 0.089718 0.120072
1 0.498992 0.518817 0.070565 0.145161
1 0.451109 0.560036 0.059476 0.130824
1 0.447077 0.693548 0.085685 0.075269
1 0.485383 0.797491 0.067540 0.107527
1 0.439516 0.814516 0.090726 0.087814
1 0.438004 0.897849 0.081653 0.082437