0 0.174899 0.487455 0.059476 0.161290
0 0.262097 0.614695 0.114919 0.071685
0 0.163810 0.719534 0.061492 0.123656
0 0.729335 0.482975 0.119960 0.091398
1 0.523690 0.459677 0.095766 0.062724
1 0.510081 0.534946 0.088710 0.059140
1 0.452117 0.600358 0.081653 0.121864
1 0.484375 0.785842 0.063508 0.123656
1 0.464214 0.879032 0.051411 0.116487
6 0.405746 0.790323 0.047379 0.197133
6 0.697077 0.365591 0.077621 0.114695
6 0.883065 0.231183 0.078629 0.089606
6 0.690524 0.629032 0.102823 0.100358
6 0.957157 0.558244 0.047379 0.134409
6 0.151210 0.935484 0.060484 0.082437
6 0.306452 0.938172 0.034274 0.116487