0 0.472278 0.195341 0.083669 0.078853
0 0.477319 0.318996 0.101815 0.103943
0 0.323589 0.298387 0.086694 0.094982
6 0.213206 0.234767 0.065524 0.103943
1 0.669355 0.400538 0.125000 0.098566
1 0.725302 0.336918 0.049395 0.175627
1 0.686492 0.279570 0.040323 0.186380
1 0.647681 0.201613 0.047379 0.181004
1 0.390625 0.508065 0.097782 0.091398
1 0.518649 0.627240 0.101815 0.132616
1 0.123488 0.327957 0.043347 0.197133
2 0.923387 0.724910 0.104839 0.091398
2 0.931452 0.833333 0.072581 0.086022
2 0.935484 0.939964 0.068548 0.077061