6 0.211190 0.231183 0.067540 0.118280
1 0.119456 0.358423 0.051411 0.179211
1 0.161794 0.415771 0.081653 0.107527
1 0.180444 0.548387 0.078629 0.078853
1 0.748488 0.546595 0.055444 0.168459
1 0.424899 0.598566 0.105847 0.075269
0 0.435484 0.425627 0.060484 0.184588
0 0.460685 0.404122 0.082661 0.159498
0 0.473286 0.321685 0.119960 0.073477
0 0.484375 0.252688 0.103831 0.078853
6 0.695565 0.296595 0.060484 0.148746
2 0.886593 0.585125 0.073589 0.105735
2 0.918851 0.729391 0.091734 0.093190
2 0.928427 0.829749 0.072581 0.082437
2 0.944052 0.946237 0.059476 0.082437
2 0.877016 0.875448 0.068548 0.105735