0 0.337702 0.263441 0.064516 0.129032
0 0.387601 0.400538 0.041331 0.166667
0 0.443548 0.389785 0.074597 0.191756
0 0.467742 0.190860 0.068548 0.152330
1 0.502016 0.567204 0.046371 0.213262
1 0.138105 0.422043 0.062500 0.073477
1 0.737399 0.702509 0.085685 0.114695
2 0.887097 0.403226 0.064516 0.111111
2 0.925907 0.722222 0.097782 0.071685
2 0.875504 0.881720 0.075605 0.136201
2 0.947581 0.849462 0.054435 0.114695
1 0.097782 0.338710 0.080645 0.107527
1 0.160786 0.171147 0.045363 0.163082
1 0.523690 0.161290 0.043347 0.175627