0 0.253528 0.652330 0.079637 0.154122
0 0.209677 0.704301 0.038306 0.172043
0 0.710181 0.644265 0.091734 0.120072
5 0.662298 0.155914 0.062500 0.143369
6 0.926411 0.534050 0.046371 0.093190
6 0.706653 0.292115 0.080645 0.078853
6 0.974798 0.214158 0.040323 0.073477
6 0.201613 0.973118 0.060484 0.053763
6 0.128528 0.893369 0.053427 0.159498
1 0.488911 0.397849 0.064516 0.161290
1 0.496472 0.572581 0.051411 0.166667
1 0.512097 0.674731 0.084677 0.112903
1 0.500504 0.771505 0.083669 0.130824
1 0.457661 0.870072 0.042339 0.127240
6 0.373992 0.924731 0.076613 0.125448