0 0.226310 0.496416 0.113911 0.100358
0 0.221270 0.729391 0.065524 0.161290
0 0.761593 0.706093 0.077621 0.168459
0 0.709677 0.615591 0.096774 0.098566
0 0.691532 0.504480 0.072581 0.141577
0 0.726815 0.422939 0.090726 0.164875
6 0.678931 0.227599 0.095766 0.096774
6 0.851310 0.394265 0.097782 0.082437
6 0.954133 0.562724 0.039315 0.143369
6 0.967238 0.877240 0.057460 0.087814
6 0.427923 0.188172 0.103831 0.107527
1 0.483367 0.517025 0.059476 0.163082
1 0.432460 0.698925 0.086694 0.068100
1 0.496976 0.761649 0.088710 0.068100
1 0.508569 0.852151 0.115927 0.080645