0 0.214718 0.465054 0.062500 0.188172
0 0.249496 0.633513 0.103831 0.116487
6 0.110887 0.819892 0.070565 0.141577
1 0.531250 0.457885 0.104839 0.094982
1 0.480343 0.735663 0.059476 0.137993
1 0.514617 0.846774 0.089718 0.155914
6 0.676915 0.887993 0.107863 0.084229
0 0.756048 0.729391 0.052419 0.175627
0 0.695565 0.546595 0.076613 0.125448
0 0.736391 0.460573 0.037298 0.200717
6 0.909274 0.851254 0.074597 0.093190
6 0.682460 0.241935 0.074597 0.136201
6 0.513105 0.280466 0.088710 0.127240
6 0.873992 0.197133 0.036290 0.118280
6 0.949597 0.508961 0.042339 0.164875