0 0.194052 0.462366 0.057460 0.161290
0 0.240927 0.486559 0.094758 0.130824
0 0.261593 0.603943 0.117944 0.086022
0 0.258065 0.676523 0.108871 0.084229
0 0.216734 0.716846 0.080645 0.125448
0 0.160786 0.744624 0.053427 0.170251
0 0.738407 0.443548 0.051411 0.188172
0 0.701109 0.525090 0.099798 0.071685
0 0.694556 0.596774 0.122984 0.071685
5 0.531754 0.175627 0.061492 0.204301
5 0.708165 0.305556 0.073589 0.148746
0 0.804940 0.492832 0.061492 0.093190
0 0.750000 0.713262 0.032258 0.193548
1 0.509073 0.522401 0.086694 0.134409
1 0.497480 0.731183 0.079637 0.125448