0 0.164819 0.455197 0.047379 0.150538
0 0.207157 0.456989 0.053427 0.150538
0 0.266633 0.566308 0.109879 0.103943
0 0.218246 0.696237 0.063508 0.148746
0 0.798387 0.465950 0.070565 0.132616
5 0.689012 0.597670 0.069556 0.184588
5 0.835685 0.796595 0.052419 0.181004
5 0.455645 0.149642 0.112903 0.105735
1 0.509577 0.553763 0.091734 0.100358
1 0.510585 0.685484 0.113911 0.073477
1 0.513609 0.757168 0.119960 0.091398
5 0.535786 0.892473 0.057460 0.125448
5 0.900202 0.470430 0.052419 0.145161
5 0.187500 0.262545 0.098790 0.148746
3 0.157258 0.096774 0.038306 0.139785