5 0.110887 0.299283 0.044355 0.139785
0 0.185988 0.466846 0.063508 0.170251
0 0.247480 0.524194 0.097782 0.130824
0 0.217742 0.706989 0.086694 0.148746
5 0.271673 0.862903 0.073589 0.163082
1 0.483367 0.515233 0.057460 0.141577
1 0.437500 0.630824 0.086694 0.089606
1 0.505040 0.696237 0.116935 0.066308
1 0.497984 0.761649 0.122984 0.075269
5 0.538810 0.905018 0.065524 0.139785
0 0.717742 0.503584 0.131048 0.132616
0 0.769153 0.722222 0.048387 0.186380
5 0.549899 0.342294 0.142137 0.082437
4 0.903226 0.226703 0.076613 0.094982