4 0.369960 0.368280 0.096774 0.220430
4 0.408770 0.545699 0.091734 0.116487
3 0.123488 0.060036 0.039315 0.120072
0 0.243952 0.669355 0.108871 0.084229
2 0.258569 0.829749 0.126008 0.172043
5 0.355847 0.165771 0.135081 0.087814
0 0.729839 0.474014 0.125000 0.145161
0 0.685988 0.583333 0.126008 0.069892
0 0.688004 0.695341 0.113911 0.157706
0 0.763105 0.708781 0.098790 0.141577
1 0.500504 0.775986 0.099798 0.082437
1 0.487399 0.880824 0.101815 0.094982
1 0.481855 0.956989 0.112903 0.071685
5 0.884073 0.218638 0.038306 0.132616