3 0.157762 0.157706 0.065524 0.114695
5 0.181956 0.264337 0.061492 0.102151
4 0.369960 0.375448 0.086694 0.184588
1 0.470766 0.493728 0.090726 0.112903
1 0.498992 0.616487 0.098790 0.089606
5 0.349294 0.750000 0.047379 0.166667
5 0.581149 0.906810 0.101815 0.129032
0 0.216734 0.450717 0.062500 0.206093
0 0.259577 0.573477 0.119960 0.082437
0 0.240927 0.674731 0.110887 0.069892
0 0.757560 0.705197 0.065524 0.155914
0 0.688508 0.584229 0.108871 0.089606
0 0.718246 0.477599 0.101815 0.148746
5 0.889113 0.232079 0.044355 0.134409
5 0.276210 0.795699 0.102823 0.118280