1 0.080141 0.218638 0.055444 0.157706
1 0.310988 0.422043 0.071573 0.141577
6 0.188508 0.129032 0.064516 0.125448
6 0.645161 0.528674 0.080645 0.107527
2 0.856351 0.176523 0.063508 0.091398
2 0.858367 0.266129 0.065524 0.091398
2 0.916835 0.219534 0.051411 0.094982
2 0.929940 0.394265 0.069556 0.096774
2 0.855847 0.370072 0.058468 0.116487
2 0.859879 0.501792 0.068548 0.089606
2 0.942540 0.500896 0.062500 0.098566
2 0.933468 0.625448 0.070565 0.111111
2 0.866431 0.620968 0.065524 0.105735
2 0.867440 0.761649 0.059476 0.086022
2 0.931956 0.741039 0.069556 0.109319
2 0.923387 0.886201 0.070565 0.116487
2 0.860887 0.889785 0.088710 0.080645
2 0.848286 0.956093 0.061492 0.077061
2 0.917843 0.965054 0.063508 0.069892
1 0.758065 0.498208 0.038306 0.179211
1 0.087198 0.406810 0.053427 0.103943