1 0.068044 0.301971 0.033266 0.166667
1 0.207157 0.675627 0.071573 0.146953
1 0.270161 0.827957 0.044355 0.154122
1 0.274194 0.360215 0.046371 0.168459
0 0.480847 0.216846 0.102823 0.107527
6 0.658266 0.524194 0.090726 0.123656
6 0.179435 0.804659 0.080645 0.086022
6 0.123992 0.370968 0.060484 0.136201
2 0.859879 0.175627 0.084677 0.086022
2 0.918347 0.215054 0.052419 0.082437
2 0.859879 0.259857 0.076613 0.096774
2 0.940020 0.380824 0.051411 0.141577
2 0.864415 0.367384 0.063508 0.111111
2 0.936492 0.496416 0.068548 0.082437
2 0.930444 0.626344 0.066532 0.102151
2 0.862903 0.624552 0.072581 0.109319
2 0.859879 0.765233 0.056452 0.093190
2 0.941028 0.752688 0.065524 0.107527
2 0.857359 0.888889 0.081653 0.086022
2 0.925907 0.877240 0.055444 0.094982
2 0.849798 0.959677 0.062500 0.069892
2 0.915827 0.969534 0.059476 0.046595
1 0.757056 0.540323 0.062500 0.145161