1 0.067540 0.280466 0.030242 0.152330
1 0.221774 0.724910 0.082661 0.155914
1 0.632056 0.724014 0.106855 0.082437
6 0.179435 0.812724 0.082661 0.105735
6 0.653730 0.520609 0.085685 0.134409
0 0.480847 0.206989 0.110887 0.098566
1 0.238911 0.339606 0.060484 0.141577
1 0.267137 0.105735 0.086694 0.071685
1 0.745968 0.239247 0.076613 0.109319
1 0.723790 0.519713 0.036290 0.161290
1 0.765625 0.543907 0.041331 0.166667
2 0.856855 0.170251 0.086694 0.089606
2 0.918851 0.223118 0.053427 0.084229
2 0.860887 0.260753 0.064516 0.091398
2 0.863911 0.358423 0.064516 0.089606
2 0.937500 0.382616 0.056452 0.130824
2 0.870464 0.627240 0.065524 0.100358
2 0.863407 0.766129 0.057460 0.109319
2 0.940524 0.751792 0.066532 0.116487
2 0.862399 0.895161 0.081653 0.105735
2 0.918851 0.875448 0.053427 0.120072
2 0.871976 0.979391 0.000000 0.001792
2 0.936492 0.492832 0.048387 0.071685
2 0.932964 0.618280 0.079637 0.100358
2 0.913306 0.970430 0.068548 0.048387
2 0.845262 0.963262 0.071573 0.062724