2 0.861391 0.169355 0.065524 0.091398
2 0.921875 0.246416 0.045363 0.134409
2 0.936492 0.388889 0.064516 0.111111
2 0.866935 0.363799 0.058468 0.089606
2 0.853327 0.263441 0.077621 0.089606
2 0.935484 0.493728 0.052419 0.091398
2 0.938004 0.630824 0.051411 0.086022
2 0.872480 0.622760 0.073589 0.123656
2 0.941532 0.746416 0.056452 0.105735
2 0.862903 0.760753 0.062500 0.084229
2 0.863407 0.890681 0.079637 0.089606
2 0.928427 0.876344 0.058468 0.111111
2 0.850806 0.957885 0.064516 0.073477
2 0.916835 0.964158 0.051411 0.064516
0 0.479335 0.219534 0.111895 0.069892
1 0.067540 0.293907 0.048387 0.139785
1 0.255040 0.117384 0.064516 0.084229
6 0.649194 0.518817 0.090726 0.127240
6 0.176915 0.813620 0.081653 0.093190
1 0.759577 0.401434 0.041331 0.164875