1 0.291331 0.361111 0.056452 0.188172
1 0.722782 0.211470 0.088710 0.132616
1 0.071069 0.293907 0.043347 0.143369
6 0.124496 0.382616 0.057460 0.134409
6 0.185988 0.811828 0.091734 0.082437
0 0.490423 0.228495 0.109879 0.069892
2 0.872480 0.171147 0.067540 0.105735
2 0.922379 0.227599 0.048387 0.118280
2 0.861895 0.267921 0.066532 0.109319
2 0.862903 0.366487 0.080645 0.123656
2 0.933972 0.379032 0.049395 0.130824
2 0.933468 0.493728 0.062500 0.102151
2 0.888609 0.536738 0.055444 0.145161
2 0.878528 0.630824 0.083669 0.114695
2 0.942540 0.627240 0.054435 0.103943
2 0.940020 0.749104 0.061492 0.100358
2 0.860887 0.756272 0.062500 0.100358
2 0.927419 0.873656 0.062500 0.109319
2 0.858871 0.879928 0.100806 0.075269
2 0.848790 0.958781 0.080645 0.068100
2 0.920867 0.965054 0.051411 0.066308
1 0.235887 0.654122 0.088710 0.132616