1 0.363407 0.502688 0.071573 0.173835
1 0.288810 0.374552 0.063508 0.189964
0 0.486895 0.224014 0.116935 0.060932
6 0.132560 0.377240 0.081653 0.123656
2 0.861895 0.171147 0.072581 0.069892
2 0.921371 0.232079 0.052419 0.120072
2 0.860887 0.261649 0.064516 0.082437
2 0.862399 0.361111 0.065524 0.084229
2 0.934476 0.392473 0.060484 0.096774
2 0.941028 0.501792 0.057460 0.107527
2 0.942540 0.627240 0.062500 0.107527
2 0.872984 0.628136 0.078629 0.123656
2 0.940524 0.750000 0.064516 0.105735
2 0.861895 0.762545 0.058468 0.094982
2 0.930444 0.873656 0.052419 0.094982
2 0.859375 0.885305 0.063508 0.075269
2 0.855343 0.962366 0.055444 0.068100
2 0.917843 0.963262 0.045363 0.066308
1 0.758569 0.318100 0.073589 0.116487
1 0.721270 0.585125 0.087702 0.105735