1 0.124496 0.380824 0.063508 0.127240
1 0.067036 0.293011 0.031250 0.170251
1 0.112903 0.198029 0.050403 0.087814
1 0.234879 0.112007 0.048387 0.087814
1 0.302923 0.372760 0.101815 0.082437
1 0.618448 0.617384 0.041331 0.213262
1 0.527218 0.870968 0.088710 0.121864
1 0.663810 0.092294 0.061492 0.181004
1 0.758065 0.514337 0.054435 0.164875
2 0.864415 0.178315 0.075605 0.112903
2 0.933972 0.206989 0.057460 0.112903
2 0.849798 0.262545 0.082661 0.087814
2 0.865423 0.362903 0.061492 0.102151
2 0.933468 0.396057 0.054435 0.118280
2 0.945060 0.508065 0.073589 0.120072
2 0.943548 0.615591 0.058468 0.109319
2 0.870464 0.621864 0.077621 0.107527
2 0.939012 0.746416 0.061492 0.102151
2 0.863911 0.756272 0.064516 0.100358
2 0.867944 0.893369 0.076613 0.084229
2 0.926411 0.871864 0.042339 0.087814
2 0.849798 0.963262 0.062500 0.062724
2 0.913306 0.966846 0.054435 0.055556