2 0.861391 0.183692 0.071573 0.091398
2 0.858871 0.258961 0.062500 0.084229
2 0.927923 0.191756 0.047379 0.107527
2 0.926915 0.390681 0.057460 0.111111
2 0.879032 0.397849 0.048387 0.096774
2 0.875000 0.620968 0.074597 0.112903
2 0.941028 0.620968 0.057460 0.094982
2 0.945060 0.752688 0.051411 0.100358
2 0.863407 0.756272 0.069556 0.103943
2 0.863911 0.887993 0.076613 0.094982
2 0.925907 0.879928 0.049395 0.096774
2 0.847782 0.956989 0.064516 0.071685
2 0.914315 0.956989 0.064516 0.068100
1 0.569052 0.312724 0.057460 0.170251
1 0.674899 0.105735 0.069556 0.182796
1 0.526210 0.870072 0.082661 0.137993
1 0.652722 0.869176 0.073589 0.161290
1 0.273185 0.511649 0.056452 0.163082
1 0.229839 0.089606 0.058468 0.071685
1 0.075101 0.267921 0.045363 0.134409
6 0.127520 0.370968 0.069556 0.121864