1 0.385081 0.087814 0.052419 0.096774
1 0.509577 0.119176 0.039315 0.051971
1 0.688508 0.215950 0.036290 0.077061
1 0.649194 0.196237 0.030242 0.084229
1 0.621472 0.218638 0.041331 0.086022
1 0.577621 0.210573 0.034274 0.084229
1 0.514617 0.205197 0.035282 0.069892
1 0.474294 0.204301 0.033266 0.068100
1 0.369960 0.286738 0.036290 0.060932
1 0.433972 0.287634 0.027218 0.077061
1 0.521169 0.281362 0.028226 0.075269
1 0.559476 0.304659 0.032258 0.060932
1 0.644153 0.311828 0.034274 0.057348
1 0.692540 0.313620 0.032258 0.057348
1 0.732863 0.310932 0.032258 0.062724
1 0.738407 0.376344 0.025202 0.064516
1 0.807964 0.395161 0.045363 0.087814
1 0.704133 0.375448 0.029234 0.055556
1 0.641129 0.419355 0.044355 0.064516
1 0.596270 0.410394 0.035282 0.053763
1 0.546875 0.408602 0.035282 0.046595
1 0.545867 0.355735 0.035282 0.059140
1 0.503528 0.358423 0.035282 0.050179
1 0.451109 0.350358 0.035282 0.044803
1 0.405242 0.386201 0.032258 0.080645
1 0.444052 0.404122 0.039315 0.055556
1 0.506048 0.414875 0.038306 0.059140
1 0.345766 0.516129 0.034274 0.060932
1 0.392641 0.513441 0.033266 0.055556
1 0.513105 0.509857 0.030242 0.073477
1 0.557964 0.527778 0.039315 0.062724
1 0.622480 0.523297 0.029234 0.078853
1 0.661290 0.518817 0.036290 0.066308
1 0.700605 0.517921 0.032258 0.060932