1 0.349798 0.121864 0.026210 0.064516
1 0.378528 0.094086 0.041331 0.077061
1 0.515121 0.122760 0.050403 0.062724
1 0.470262 0.194444 0.029234 0.077061
1 0.512601 0.208781 0.033266 0.066308
1 0.576109 0.210573 0.027218 0.087814
1 0.618952 0.217742 0.036290 0.073477
1 0.650202 0.208781 0.028226 0.066308
1 0.685484 0.219534 0.028226 0.073477
1 0.367440 0.285842 0.031250 0.069892
1 0.430948 0.280466 0.041331 0.062724
1 0.520665 0.284946 0.037298 0.064516
1 0.557460 0.280466 0.044355 0.084229
1 0.642137 0.309140 0.042339 0.059140
1 0.688508 0.311828 0.038306 0.057348
1 0.730847 0.310932 0.036290 0.073477
1 0.805444 0.388889 0.038306 0.107527
1 0.737903 0.379928 0.020161 0.053763
1 0.706149 0.375448 0.019153 0.062724
1 0.405746 0.398746 0.029234 0.073477
1 0.441028 0.398746 0.039315 0.059140
1 0.505040 0.407706 0.054435 0.059140
1 0.544859 0.410394 0.039315 0.064516
1 0.596774 0.417563 0.040323 0.064516
1 0.635585 0.417563 0.037298 0.060932
1 0.395161 0.508065 0.034274 0.062724
1 0.346270 0.508065 0.045363 0.073477
1 0.514617 0.517025 0.033266 0.077061
1 0.557460 0.517921 0.036290 0.064516
1 0.624496 0.520609 0.033266 0.077061
1 0.661290 0.515233 0.034274 0.069892
1 0.699597 0.522401 0.036290 0.051971