1 0.407762 0.121864 0.033266 0.075269
1 0.675403 0.142473 0.036290 0.073477
1 0.474294 0.213262 0.027218 0.068100
1 0.518145 0.209677 0.030242 0.071685
1 0.573589 0.218638 0.028226 0.075269
1 0.617440 0.216846 0.037298 0.082437
1 0.372480 0.282258 0.029234 0.059140
1 0.422379 0.291219 0.036290 0.048387
1 0.519153 0.290323 0.024194 0.064516
1 0.577621 0.302867 0.038306 0.057348
1 0.620968 0.298387 0.030242 0.062724
1 0.666331 0.312724 0.030242 0.062724
1 0.737399 0.315412 0.041331 0.068100
1 0.795867 0.327061 0.041331 0.051971
1 0.766633 0.214158 0.041331 0.069892
1 0.369960 0.362007 0.030242 0.060932
1 0.502016 0.365591 0.030242 0.068100
1 0.405242 0.404122 0.034274 0.059140
1 0.440524 0.405914 0.034274 0.044803
1 0.542843 0.407706 0.033266 0.048387
1 0.573085 0.413978 0.027218 0.046595
1 0.601815 0.409498 0.032258 0.055556
1 0.637097 0.415771 0.036290 0.050179
1 0.701613 0.388889 0.034274 0.075269
1 0.426915 0.509857 0.039315 0.069892
1 0.510585 0.516129 0.043347 0.057348
1 0.619456 0.525090 0.047379 0.068100
1 0.663810 0.519713 0.031250 0.060932
1 0.703629 0.522401 0.036290 0.051971
1 0.746472 0.532258 0.033266 0.053763
1 0.760585 0.426523 0.037298 0.064516
1 0.804940 0.428315 0.037298 0.071685
1 0.835685 0.520609 0.046371 0.077061