2 0.803931 0.747312 0.057460 0.114695
1 0.403730 0.119176 0.055444 0.069892
1 0.678931 0.135305 0.041331 0.077061
1 0.476310 0.208781 0.043347 0.066308
1 0.514113 0.209677 0.028226 0.060932
1 0.573085 0.213262 0.031250 0.078853
1 0.618448 0.208781 0.037298 0.073477
1 0.648185 0.206989 0.040323 0.069892
1 0.694052 0.210573 0.035282 0.069892
1 0.368448 0.276882 0.035282 0.059140
1 0.419355 0.298387 0.034274 0.066308
1 0.438508 0.271505 0.030242 0.059140
1 0.521169 0.288530 0.024194 0.053763
1 0.545867 0.284050 0.027218 0.069892
1 0.579133 0.293907 0.037298 0.057348
1 0.620464 0.289427 0.033266 0.062724
1 0.662298 0.307348 0.036290 0.051971
1 0.734879 0.317204 0.038306 0.064516
1 0.798387 0.321685 0.046371 0.044803
1 0.369960 0.362903 0.040323 0.084229
1 0.407258 0.401434 0.038306 0.060932
1 0.445060 0.404122 0.039315 0.059140
1 0.455141 0.352151 0.041331 0.041219
1 0.497480 0.365591 0.031250 0.057348
1 0.544859 0.403226 0.031250 0.043011
1 0.568548 0.409498 0.030242 0.044803
1 0.598790 0.413978 0.034274 0.060932
1 0.640121 0.419355 0.028226 0.039427
1 0.710181 0.387097 0.059476 0.096774
1 0.755040 0.422043 0.036290 0.059140
1 0.809476 0.422939 0.042339 0.093190
1 0.422379 0.512545 0.034274 0.064516
1 0.457157 0.486559 0.045363 0.094982
1 0.516129 0.519713 0.042339 0.068100
1 0.555948 0.516129 0.037298 0.071685
1 0.625504 0.525090 0.035282 0.064516
1 0.665323 0.517025 0.038306 0.066308
1 0.703125 0.523297 0.043347 0.053763
1 0.748488 0.526882 0.039315 0.053763
2 0.892137 0.709677 0.058468 0.068100