1 0.409778 0.121864 0.045363 0.082437
1 0.673387 0.152330 0.038306 0.089606
4 0.555444 0.768817 0.090726 0.089606
1 0.471270 0.200717 0.037298 0.068100
1 0.577621 0.212366 0.040323 0.080645
1 0.620464 0.206093 0.041331 0.082437
1 0.655242 0.215950 0.032258 0.055556
1 0.700101 0.217742 0.049395 0.073477
1 0.370968 0.260753 0.036290 0.080645
1 0.414819 0.288530 0.035282 0.057348
1 0.517137 0.281362 0.022177 0.064516
1 0.542339 0.278674 0.032258 0.069892
1 0.578125 0.286738 0.033266 0.075269
1 0.619960 0.285842 0.036290 0.069892
1 0.664819 0.308244 0.037298 0.060932
1 0.736895 0.320789 0.042339 0.078853
1 0.791331 0.318996 0.044355 0.050179
1 0.407762 0.369176 0.037298 0.111111
1 0.444556 0.397849 0.032258 0.060932
1 0.504032 0.362903 0.050403 0.077061
1 0.542843 0.353943 0.041331 0.051971
1 0.600806 0.385305 0.034274 0.082437
1 0.634577 0.412186 0.037298 0.053763
1 0.545363 0.403226 0.038306 0.068100
1 0.705141 0.383513 0.045363 0.107527
1 0.758569 0.420251 0.041331 0.094982
1 0.799899 0.425627 0.035282 0.077061
1 0.424899 0.513441 0.049395 0.077061
1 0.474294 0.517921 0.039315 0.089606
1 0.520665 0.494624 0.033266 0.111111
1 0.559980 0.519713 0.031250 0.068100
1 0.587702 0.513441 0.046371 0.069892
1 0.657762 0.509857 0.057460 0.084229
1 0.708165 0.523297 0.045363 0.068100
1 0.751008 0.526882 0.034274 0.057348
1 0.787298 0.530466 0.028226 0.060932
1 0.816532 0.525986 0.040323 0.059140
1 0.843246 0.517921 0.025202 0.064516