2 0.781754 0.736559 0.073589 0.078853
4 0.553427 0.783154 0.096774 0.089606
1 0.407258 0.109319 0.040323 0.086022
1 0.677923 0.146057 0.043347 0.087814
1 0.482359 0.185484 0.039315 0.077061
1 0.573085 0.213262 0.039315 0.089606
1 0.616935 0.202509 0.046371 0.086022
1 0.649698 0.206093 0.039315 0.075269
1 0.695060 0.210573 0.039315 0.069892
1 0.375000 0.279570 0.044355 0.078853
1 0.424899 0.242832 0.051411 0.044803
1 0.414819 0.291219 0.035282 0.055556
1 0.525202 0.284050 0.034274 0.073477
1 0.547883 0.278674 0.035282 0.080645
1 0.575101 0.293907 0.043347 0.078853
1 0.618952 0.289427 0.050403 0.073477
1 0.663810 0.301971 0.043347 0.080645
1 0.733367 0.317204 0.047379 0.060932
1 0.790827 0.321685 0.041331 0.062724
1 0.398690 0.387993 0.033266 0.105735
1 0.446069 0.400538 0.041331 0.069892
1 0.492944 0.419355 0.032258 0.050179
1 0.497480 0.360215 0.029234 0.064516
1 0.542339 0.412186 0.040323 0.057348
1 0.567540 0.411290 0.024194 0.069892
1 0.597278 0.388889 0.037298 0.096774
1 0.632056 0.410394 0.042339 0.071685
1 0.756048 0.416667 0.042339 0.073477
1 0.801411 0.420251 0.030242 0.066308
1 0.426915 0.517025 0.051411 0.077061
1 0.472278 0.517921 0.041331 0.082437
1 0.512601 0.497312 0.047379 0.098566
1 0.556452 0.512545 0.040323 0.078853
1 0.588710 0.522401 0.030242 0.048387
1 0.658266 0.517025 0.036290 0.077061
1 0.701613 0.524194 0.048387 0.059140
1 0.742440 0.524194 0.041331 0.062724
1 0.778730 0.520609 0.047379 0.066308
1 0.812500 0.528674 0.028226 0.064516
1 0.838206 0.532258 0.035282 0.060932