0 0.175403 0.472222 0.062500 0.170251
0 0.257056 0.532258 0.100806 0.086022
0 0.272177 0.624552 0.122984 0.080645
4 0.130544 0.847670 0.057460 0.078853
1 0.476310 0.519713 0.085685 0.118280
1 0.502520 0.641577 0.095766 0.096774
1 0.456653 0.704301 0.074597 0.136201
1 0.486895 0.889785 0.100806 0.091398
5 0.391129 0.211470 0.084677 0.179211
5 0.548891 0.250896 0.085685 0.175627
0 0.722782 0.456093 0.090726 0.188172
0 0.691028 0.583333 0.136089 0.069892
5 0.689516 0.726703 0.040323 0.206093
4 0.862903 0.810036 0.090726 0.111111
5 0.887601 0.222222 0.047379 0.136201
6 0.903226 0.594086 0.139113 0.112903