6 0.209677 0.431004 0.120968 0.098566
0 0.244456 0.543907 0.150202 0.084229
0 0.682460 0.530466 0.141129 0.064516
0 0.785282 0.435484 0.040323 0.193548
0 0.756552 0.750000 0.063508 0.206093
6 0.855343 0.421147 0.091734 0.086022
6 0.657762 0.245520 0.071573 0.175627
5 0.399698 0.405914 0.107863 0.109319
5 0.688508 0.598566 0.122984 0.086022
6 0.921875 0.347670 0.083669 0.096774
6 0.610383 0.933692 0.115927 0.078853
1 0.484375 0.528674 0.043347 0.118280
1 0.478327 0.654122 0.071573 0.136201
1 0.475302 0.758065 0.069556 0.139785