5 0.394153 0.181900 0.078629 0.152330
4 0.252520 0.411290 0.063508 0.173835
5 0.890121 0.211470 0.050403 0.132616
0 0.261089 0.630824 0.129032 0.100358
4 0.128528 0.843190 0.055444 0.069892
1 0.485383 0.511649 0.055444 0.155914
1 0.513105 0.641577 0.100806 0.103943
1 0.442540 0.681900 0.076613 0.112903
1 0.432460 0.783154 0.100806 0.093190
0 0.677419 0.589606 0.114919 0.086022
0 0.752016 0.726703 0.040323 0.198925
4 0.848790 0.806452 0.084677 0.114695
4 0.190524 0.371864 0.056452 0.184588
6 0.892137 0.609319 0.106855 0.132616
5 0.560988 0.951613 0.047379 0.096774