2 0.282762 0.766129 0.033266 0.137993
2 0.810484 0.704301 0.058468 0.100358
1 0.329637 0.508065 0.044355 0.062724
1 0.397177 0.511649 0.042339 0.062724
1 0.471270 0.512545 0.039315 0.057348
1 0.506048 0.487455 0.034274 0.096774
1 0.542339 0.509857 0.052419 0.066308
1 0.579133 0.497312 0.047379 0.080645
1 0.642137 0.511649 0.048387 0.062724
1 0.689012 0.518817 0.037298 0.059140
1 0.724294 0.502688 0.045363 0.077061
1 0.765625 0.514337 0.033266 0.053763
1 0.806956 0.509857 0.045363 0.062724
1 0.446573 0.284946 0.040323 0.068100
1 0.483367 0.279570 0.031250 0.050179
1 0.530242 0.268817 0.036290 0.068100
1 0.553427 0.287634 0.028226 0.055556
1 0.590222 0.290323 0.043347 0.064516
1 0.644657 0.281362 0.049395 0.082437
1 0.762601 0.314516 0.035282 0.066308
1 0.393649 0.343190 0.033266 0.048387
1 0.472782 0.349462 0.024194 0.050179
1 0.546875 0.353047 0.041331 0.064516
1 0.577621 0.353943 0.034274 0.034050
1 0.647681 0.355735 0.033266 0.044803
1 0.721774 0.365591 0.030242 0.043011
1 0.762601 0.415771 0.053427 0.046595
1 0.707661 0.414875 0.030242 0.055556
1 0.650706 0.411290 0.025202 0.048387
1 0.623488 0.414875 0.035282 0.059140
1 0.583165 0.405018 0.027218 0.057348
1 0.513609 0.403226 0.047379 0.060932
1 0.425907 0.380824 0.033266 0.077061
1 0.393649 0.399642 0.039315 0.068100