1 0.450605 0.292115 0.038306 0.060932
1 0.476815 0.277778 0.040323 0.064516
1 0.529738 0.277778 0.031250 0.064516
1 0.555444 0.292115 0.028226 0.050179
1 0.596270 0.302867 0.027218 0.053763
1 0.641633 0.297491 0.037298 0.053763
1 0.662298 0.269713 0.046371 0.077061
1 0.399194 0.392473 0.028226 0.057348
1 0.435484 0.360215 0.032258 0.064516
1 0.469758 0.346774 0.024194 0.048387
1 0.466230 0.401434 0.041331 0.050179
1 0.504536 0.350358 0.049395 0.037634
1 0.514113 0.401434 0.050403 0.068100
1 0.543851 0.358423 0.031250 0.064516
1 0.581653 0.398746 0.040323 0.055556
1 0.622480 0.413082 0.023185 0.055556
1 0.648185 0.412186 0.038306 0.053763
1 0.707661 0.413978 0.040323 0.053763
1 0.769153 0.415771 0.044355 0.046595
1 0.760081 0.319892 0.046371 0.077061
1 0.337198 0.503584 0.051411 0.078853
1 0.397177 0.495520 0.042339 0.073477
1 0.469254 0.505376 0.031250 0.043011
1 0.502520 0.474910 0.045363 0.114695
1 0.552419 0.514337 0.034274 0.064516
1 0.578629 0.485663 0.038306 0.093190
1 0.688508 0.511649 0.036290 0.066308
1 0.772681 0.519713 0.037298 0.050179
1 0.815020 0.517025 0.035282 0.059140
0 0.872480 0.944444 0.081653 0.111111
2 0.890625 0.696237 0.047379 0.091398