1 0.390625 0.341398 0.033266 0.069892
1 0.451109 0.283154 0.037298 0.075269
1 0.477319 0.280466 0.021169 0.080645
1 0.527722 0.271505 0.025202 0.069892
1 0.554940 0.291219 0.037298 0.066308
1 0.595766 0.297491 0.032258 0.060932
1 0.646673 0.293907 0.031250 0.057348
1 0.763609 0.308244 0.053427 0.060932
1 0.437500 0.353943 0.038306 0.077061
1 0.468246 0.353047 0.037298 0.057348
1 0.507056 0.355735 0.032258 0.051971
1 0.542843 0.356631 0.037298 0.046595
1 0.576613 0.363799 0.028226 0.057348
1 0.649698 0.357527 0.027218 0.055556
1 0.722782 0.358423 0.032258 0.053763
1 0.399698 0.396057 0.043347 0.060932
1 0.514617 0.406810 0.037298 0.050179
1 0.580141 0.414875 0.035282 0.048387
1 0.618952 0.416667 0.038306 0.066308
1 0.647177 0.413978 0.042339 0.046595
1 0.705645 0.411290 0.036290 0.062724
1 0.761089 0.385305 0.056452 0.078853
1 0.322581 0.501792 0.042339 0.093190
1 0.391129 0.504480 0.040323 0.069892
1 0.465726 0.508961 0.034274 0.060932
1 0.511089 0.490143 0.038306 0.098566
1 0.545867 0.506272 0.025202 0.048387
1 0.570565 0.493728 0.030242 0.102151
1 0.611895 0.488351 0.034274 0.084229
1 0.642641 0.507168 0.039315 0.068100
1 0.691532 0.523297 0.040323 0.064516
1 0.728327 0.509857 0.035282 0.059140
1 0.765121 0.525986 0.046371 0.059140
1 0.803931 0.506272 0.047379 0.066308
4 0.669355 0.725806 0.066532 0.086022
2 0.805444 0.711470 0.048387 0.114695
2 0.886089 0.685484 0.032258 0.098566
0 0.884577 0.946237 0.101815 0.103943