2 0.808468 0.704301 0.056452 0.121864
2 0.891633 0.680108 0.035282 0.094982
1 0.450101 0.298387 0.043347 0.077061
1 0.473286 0.272401 0.035282 0.082437
1 0.526210 0.278674 0.040323 0.084229
1 0.555948 0.292115 0.035282 0.057348
1 0.593246 0.287634 0.027218 0.080645
1 0.618952 0.289427 0.028226 0.059140
1 0.638105 0.297491 0.032258 0.053763
1 0.764617 0.287634 0.061492 0.062724
1 0.396673 0.396057 0.041331 0.071685
1 0.425907 0.370968 0.041331 0.078853
1 0.515121 0.408602 0.046371 0.057348
1 0.547883 0.359319 0.037298 0.044803
1 0.576109 0.357527 0.025202 0.051971
1 0.510585 0.353047 0.027218 0.046595
1 0.613407 0.358423 0.039315 0.046595
1 0.636593 0.353047 0.037298 0.043011
1 0.757560 0.395161 0.047379 0.069892
1 0.708165 0.413082 0.033266 0.066308
1 0.656250 0.401434 0.024194 0.046595
1 0.623488 0.412186 0.027218 0.053763
1 0.583669 0.405914 0.034274 0.062724
1 0.330645 0.508961 0.040323 0.068100
1 0.463710 0.506272 0.048387 0.055556
1 0.401714 0.494624 0.037298 0.075269
1 0.510585 0.472222 0.049395 0.073477
1 0.578125 0.485663 0.039315 0.093190
1 0.615423 0.493728 0.033266 0.091398
1 0.689012 0.519713 0.033266 0.071685
1 0.732863 0.516129 0.028226 0.082437
1 0.774194 0.523297 0.036290 0.071685
1 0.806956 0.520609 0.037298 0.055556