1 0.452117 0.273297 0.043347 0.102151
1 0.530242 0.268817 0.038306 0.075269
1 0.563004 0.297491 0.035282 0.071685
1 0.599294 0.296595 0.035282 0.059140
1 0.641633 0.299283 0.039315 0.060932
1 0.400202 0.370072 0.040323 0.091398
1 0.445565 0.373656 0.048387 0.098566
1 0.531250 0.384409 0.058468 0.080645
1 0.582661 0.398746 0.036290 0.062724
1 0.611391 0.376344 0.043347 0.089606
1 0.649698 0.414875 0.035282 0.055556
1 0.705141 0.412186 0.037298 0.046595
1 0.723790 0.370072 0.034274 0.073477
1 0.765625 0.408602 0.049395 0.046595
1 0.333165 0.503584 0.045363 0.060932
1 0.407762 0.494624 0.039315 0.082437
1 0.476815 0.508065 0.032258 0.055556
1 0.517641 0.491935 0.057460 0.062724
1 0.572581 0.486559 0.040323 0.098566
1 0.614415 0.482079 0.035282 0.103943
1 0.646673 0.516129 0.033266 0.060932
1 0.692540 0.521505 0.038306 0.068100
1 0.734879 0.525090 0.034274 0.060932
1 0.765121 0.523297 0.034274 0.060932
1 0.805948 0.518817 0.051411 0.059140