1 0.392641 0.332437 0.045363 0.098566
1 0.451109 0.285842 0.039315 0.080645
1 0.479335 0.277778 0.029234 0.078853
1 0.532258 0.276882 0.028226 0.077061
1 0.559476 0.279570 0.036290 0.071685
1 0.588710 0.297491 0.034274 0.078853
1 0.613911 0.276882 0.024194 0.091398
1 0.642641 0.296595 0.037298 0.048387
1 0.420867 0.367384 0.027218 0.082437
1 0.473790 0.356631 0.058468 0.050179
1 0.508065 0.351254 0.034274 0.050179
1 0.543851 0.354839 0.027218 0.043011
1 0.574093 0.358423 0.031250 0.050179
1 0.624496 0.379032 0.045363 0.098566
1 0.704133 0.415771 0.031250 0.050179
1 0.718750 0.365591 0.032258 0.053763
1 0.749496 0.367384 0.031250 0.043011
1 0.778730 0.370968 0.037298 0.053763
1 0.525706 0.408602 0.031250 0.071685
1 0.339214 0.506272 0.055444 0.073477
1 0.400202 0.501792 0.040323 0.064516
1 0.579133 0.488351 0.039315 0.102151
1 0.614415 0.509857 0.035282 0.073477
1 0.643649 0.511649 0.029234 0.069892
1 0.695565 0.513441 0.026210 0.059140
1 0.729839 0.513441 0.042339 0.077061
1 0.766129 0.524194 0.036290 0.062724
1 0.810988 0.519713 0.039315 0.060932