1 0.381552 0.160394 0.083669 0.069892
1 0.622480 0.199821 0.049395 0.066308
1 0.478831 0.261649 0.046371 0.082437
1 0.526210 0.282258 0.034274 0.069892
1 0.562500 0.277778 0.042339 0.078853
1 0.648185 0.291219 0.040323 0.062724
1 0.365423 0.393369 0.033266 0.055556
1 0.390121 0.346774 0.044355 0.059140
1 0.400202 0.415771 0.026210 0.064516
1 0.428427 0.391577 0.028226 0.069892
1 0.449597 0.341398 0.034274 0.055556
1 0.474798 0.404122 0.036290 0.059140
1 0.519657 0.390681 0.041331 0.071685
1 0.549899 0.378136 0.031250 0.100358
1 0.576613 0.403226 0.038306 0.064516
1 0.620968 0.403226 0.044355 0.071685
1 0.650202 0.411290 0.028226 0.059140
1 0.703629 0.405914 0.044355 0.059140
1 0.759073 0.410394 0.034274 0.053763
1 0.775706 0.360215 0.023185 0.053763
1 0.753024 0.346774 0.028226 0.059140
1 0.723286 0.359319 0.019153 0.069892
1 0.695565 0.350358 0.026210 0.048387
1 0.328125 0.508961 0.041331 0.071685
1 0.532258 0.491935 0.044355 0.105735
1 0.577621 0.517025 0.038306 0.069892
1 0.616935 0.516129 0.036290 0.075269
1 0.644153 0.516129 0.028226 0.068100
1 0.691028 0.519713 0.043347 0.057348
1 0.728327 0.519713 0.039315 0.068100
1 0.760585 0.517025 0.041331 0.069892
1 0.806452 0.611111 0.068548 0.075269
2 0.872984 0.776882 0.038306 0.137993