1 0.349798 0.171147 0.036290 0.069892
1 0.619456 0.204301 0.035282 0.068100
1 0.478327 0.276882 0.029234 0.077061
1 0.397177 0.342294 0.038306 0.078853
1 0.324093 0.502688 0.047379 0.069892
1 0.427923 0.408602 0.043347 0.046595
1 0.456653 0.348566 0.058468 0.062724
1 0.469254 0.404122 0.049395 0.066308
1 0.518145 0.387993 0.030242 0.087814
1 0.542843 0.357527 0.031250 0.062724
1 0.575605 0.398746 0.040323 0.059140
1 0.619960 0.417563 0.038306 0.060932
1 0.651210 0.407706 0.022177 0.055556
1 0.759073 0.409498 0.028226 0.048387
1 0.707157 0.408602 0.033266 0.050179
1 0.775706 0.372760 0.019153 0.043011
1 0.745968 0.356631 0.022177 0.053763
1 0.711694 0.354839 0.044355 0.068100
1 0.647177 0.291219 0.038306 0.062724
1 0.547883 0.268817 0.043347 0.068100
1 0.601310 0.268817 0.041331 0.075269
1 0.581653 0.517025 0.032258 0.062724
1 0.615927 0.519713 0.032258 0.057348
1 0.693548 0.518817 0.046371 0.062724
1 0.725302 0.514337 0.043347 0.078853
1 0.761089 0.515233 0.042339 0.084229
1 0.786794 0.509857 0.021169 0.073477
1 0.822581 0.623656 0.046371 0.078853