1 0.387601 0.353943 0.031250 0.080645
1 0.479335 0.270609 0.023185 0.071685
1 0.521673 0.274194 0.023185 0.082437
1 0.558972 0.291219 0.043347 0.062724
1 0.596774 0.273297 0.046371 0.080645
1 0.617944 0.204301 0.044355 0.057348
1 0.434476 0.392473 0.038306 0.064516
1 0.480343 0.388889 0.039315 0.075269
1 0.523185 0.396953 0.036290 0.059140
1 0.581653 0.406810 0.042339 0.078853
1 0.618448 0.405018 0.033266 0.068100
1 0.648690 0.412186 0.047379 0.060932
1 0.755040 0.414875 0.032258 0.041219
1 0.706149 0.399642 0.035282 0.060932
1 0.642641 0.293011 0.037298 0.066308
1 0.578629 0.512545 0.030242 0.053763
1 0.614919 0.512545 0.026210 0.057348
1 0.640121 0.508065 0.050403 0.087814
1 0.692036 0.515233 0.039315 0.062724
1 0.765121 0.514337 0.046371 0.064516
1 0.820565 0.629032 0.038306 0.071685
1 0.332157 0.501792 0.041331 0.057348