2 0.273185 0.751792 0.038306 0.127240
1 0.392137 0.350358 0.042339 0.073477
1 0.477319 0.253584 0.035282 0.084229
1 0.431956 0.401434 0.033266 0.053763
1 0.451613 0.341398 0.034274 0.066308
1 0.470262 0.395161 0.049395 0.059140
1 0.545867 0.284050 0.029234 0.077061
1 0.593246 0.267921 0.049395 0.094982
1 0.644657 0.293907 0.053427 0.068100
1 0.618448 0.202509 0.033266 0.057348
1 0.521673 0.381720 0.031250 0.086022
1 0.550403 0.386201 0.022177 0.087814
1 0.581149 0.395161 0.033266 0.059140
1 0.615423 0.409498 0.037298 0.048387
1 0.643145 0.411290 0.038306 0.066308
1 0.759577 0.412186 0.029234 0.039427
1 0.703125 0.404122 0.041331 0.066308
1 0.330141 0.506272 0.041331 0.087814
1 0.577621 0.516129 0.056452 0.075269
1 0.614919 0.512545 0.030242 0.064516
1 0.649698 0.513441 0.059476 0.077061
1 0.678427 0.506272 0.060484 0.073477
1 0.816028 0.613799 0.047379 0.073477