1 0.430444 0.251792 0.050403 0.087814
1 0.616431 0.203405 0.041331 0.073477
1 0.548387 0.296595 0.038306 0.066308
1 0.640625 0.293011 0.055444 0.069892
1 0.590726 0.261649 0.042339 0.093190
1 0.390625 0.348566 0.029234 0.066308
1 0.453629 0.339606 0.028226 0.051971
1 0.468246 0.345878 0.045363 0.068100
1 0.498488 0.347670 0.027218 0.050179
1 0.539819 0.362007 0.039315 0.057348
1 0.578629 0.353943 0.040323 0.055556
1 0.665827 0.363799 0.027218 0.057348
1 0.779234 0.332437 0.040323 0.094982
1 0.397681 0.408602 0.035282 0.053763
1 0.432964 0.400538 0.041331 0.055556
1 0.469758 0.403226 0.046371 0.050179
1 0.523185 0.403226 0.040323 0.050179
1 0.582157 0.411290 0.047379 0.048387
1 0.618952 0.405914 0.032258 0.066308
1 0.647681 0.410394 0.033266 0.064516
1 0.758569 0.413978 0.029234 0.057348
1 0.706653 0.410394 0.044355 0.068100
1 0.333165 0.492832 0.057460 0.068100
1 0.579637 0.515233 0.030242 0.069892
1 0.607359 0.517025 0.033266 0.073477
1 0.640625 0.510753 0.037298 0.071685
1 0.694052 0.519713 0.035282 0.064516
1 0.815020 0.608423 0.045363 0.069892
0 0.865927 0.931900 0.106855 0.096774