1 0.416835 0.246416 0.051411 0.091398
1 0.600302 0.264337 0.037298 0.080645
1 0.611391 0.206989 0.049395 0.066308
1 0.550403 0.289427 0.054435 0.069892
1 0.642137 0.291219 0.050403 0.094982
1 0.387601 0.313620 0.035282 0.086022
1 0.427923 0.396057 0.033266 0.050179
1 0.353327 0.389785 0.053427 0.069892
1 0.447077 0.345878 0.029234 0.057348
1 0.474798 0.336918 0.028226 0.057348
1 0.476310 0.401434 0.033266 0.060932
1 0.501512 0.347670 0.035282 0.060932
1 0.517137 0.399642 0.038306 0.075269
1 0.581149 0.401434 0.035282 0.060932
1 0.618952 0.409498 0.038306 0.059140
1 0.645161 0.404122 0.038306 0.066308
1 0.702117 0.403226 0.057460 0.064516
1 0.763105 0.416667 0.042339 0.048387
1 0.780746 0.345878 0.035282 0.093190
1 0.826109 0.383513 0.035282 0.107527
1 0.336694 0.503584 0.066532 0.071685
1 0.578125 0.517921 0.043347 0.057348
1 0.616935 0.515233 0.024194 0.077061
1 0.653226 0.513441 0.044355 0.073477
1 0.692540 0.512545 0.040323 0.057348
1 0.766633 0.500000 0.039315 0.075269
1 0.802419 0.523297 0.048387 0.057348
1 0.820565 0.625448 0.030242 0.064516