1 0.418851 0.275986 0.041331 0.075269
1 0.619456 0.210573 0.035282 0.055556
1 0.550403 0.293011 0.044355 0.069892
1 0.595766 0.264337 0.032258 0.091398
1 0.641129 0.286738 0.046371 0.068100
1 0.383065 0.301075 0.042339 0.093190
1 0.335685 0.498208 0.050403 0.057348
1 0.428931 0.397849 0.035282 0.064516
1 0.394153 0.403226 0.022177 0.068100
1 0.447077 0.341398 0.033266 0.055556
1 0.470766 0.339606 0.034274 0.048387
1 0.469758 0.394265 0.042339 0.064516
1 0.505040 0.357527 0.038306 0.066308
1 0.513105 0.407706 0.038306 0.066308
1 0.541835 0.362007 0.031250 0.057348
1 0.578629 0.401434 0.040323 0.060932
1 0.618448 0.408602 0.039315 0.064516
1 0.644153 0.407706 0.046371 0.059140
1 0.762601 0.416667 0.039315 0.062724
1 0.712702 0.404122 0.036290 0.069892
1 0.580141 0.514337 0.029234 0.057348
1 0.612903 0.516129 0.032258 0.064516
1 0.644657 0.508961 0.039315 0.064516
1 0.691028 0.516129 0.041331 0.064516
1 0.769153 0.514337 0.036290 0.053763
1 0.814516 0.613799 0.044355 0.069892
0 0.895665 0.912186 0.071573 0.068100