1 0.381048 0.292115 0.026210 0.107527
1 0.408770 0.274194 0.041331 0.100358
1 0.617440 0.209677 0.029234 0.071685
1 0.541835 0.256272 0.041331 0.082437
1 0.639113 0.260753 0.034274 0.094982
1 0.592742 0.297491 0.028226 0.060932
1 0.414819 0.470430 0.041331 0.094982
1 0.398185 0.401434 0.024194 0.057348
1 0.434476 0.396953 0.038306 0.059140
1 0.456149 0.344086 0.027218 0.057348
1 0.478327 0.353047 0.025202 0.060932
1 0.507560 0.355735 0.021169 0.066308
1 0.543851 0.353047 0.033266 0.071685
1 0.585685 0.354839 0.030242 0.060932
1 0.583165 0.411290 0.035282 0.055556
1 0.626008 0.404122 0.046371 0.073477
1 0.713206 0.381720 0.041331 0.086022
1 0.751008 0.336022 0.028226 0.084229
1 0.765121 0.423835 0.062500 0.073477
1 0.586694 0.520609 0.046371 0.073477
1 0.610383 0.511649 0.029234 0.062724
1 0.645665 0.511649 0.033266 0.073477
1 0.762097 0.517025 0.040323 0.048387
1 0.328125 0.501792 0.057460 0.075269