1 0.410786 0.174731 0.053427 0.073477
1 0.413306 0.279570 0.040323 0.071685
1 0.446069 0.277778 0.033266 0.075269
1 0.479839 0.275986 0.028226 0.064516
1 0.529738 0.285842 0.027218 0.066308
1 0.571573 0.281362 0.032258 0.089606
1 0.599798 0.296595 0.034274 0.051971
1 0.644153 0.303763 0.032258 0.066308
1 0.718750 0.284050 0.042339 0.084229
1 0.770665 0.303763 0.039315 0.077061
1 0.360383 0.390681 0.039315 0.046595
1 0.328629 0.496416 0.034274 0.071685
1 0.432964 0.399642 0.025202 0.050179
1 0.449093 0.347670 0.025202 0.053763
1 0.474294 0.351254 0.027218 0.060932
1 0.506048 0.354839 0.038306 0.064516
1 0.546371 0.350358 0.032258 0.066308
1 0.580645 0.356631 0.038306 0.057348
1 0.535282 0.402330 0.042339 0.066308
1 0.586190 0.405018 0.041331 0.060932
1 0.620968 0.406810 0.040323 0.075269
1 0.714214 0.408602 0.045363 0.064516
1 0.762097 0.405914 0.046371 0.077061
1 0.401714 0.507168 0.027218 0.053763
1 0.480343 0.506272 0.037298 0.069892
1 0.516129 0.495520 0.030242 0.084229
1 0.583669 0.517025 0.026210 0.066308
1 0.615927 0.517921 0.038306 0.075269
1 0.638609 0.517025 0.031250 0.055556
1 0.681452 0.482975 0.044355 0.069892
1 0.712198 0.518817 0.023185 0.048387
1 0.742440 0.482975 0.053427 0.102151