3 0.231351 0.548387 0.075605 0.103943
0 0.269657 0.655914 0.101815 0.089606
0 0.163810 0.725806 0.041331 0.154122
5 0.388609 0.181004 0.059476 0.157706
1 0.500000 0.471326 0.110887 0.078853
0 0.721774 0.456093 0.074597 0.188172
0 0.790827 0.675627 0.061492 0.093190
1 0.455141 0.761649 0.105847 0.068100
1 0.496472 0.819892 0.083669 0.080645
5 0.668851 0.726703 0.079637 0.216846
5 0.729335 0.253584 0.132056 0.112903
5 0.826109 0.184588 0.061492 0.096774
5 0.588710 0.147849 0.122984 0.134409
5 0.897681 0.219534 0.051411 0.127240
4 0.134577 0.881720 0.065524 0.075269