1 0.401714 0.198925 0.045363 0.086022
1 0.407258 0.277778 0.026210 0.057348
1 0.443548 0.272401 0.042339 0.075269
1 0.484879 0.275090 0.032258 0.077061
1 0.524698 0.280466 0.027218 0.069892
1 0.552419 0.300179 0.034274 0.059140
1 0.570060 0.270609 0.031250 0.064516
1 0.597278 0.300179 0.031250 0.062724
1 0.633569 0.302867 0.035282 0.060932
1 0.715222 0.290323 0.035282 0.064516
1 0.769657 0.304659 0.025202 0.060932
1 0.805444 0.130824 0.042339 0.082437
1 0.448085 0.349462 0.029234 0.043011
1 0.472278 0.351254 0.027218 0.050179
1 0.503528 0.357527 0.035282 0.051971
1 0.545867 0.348566 0.039315 0.041219
1 0.583669 0.360215 0.030242 0.046595
1 0.824597 0.419355 0.042339 0.057348
1 0.764113 0.413082 0.038306 0.059140
1 0.713710 0.409498 0.032258 0.055556
1 0.624496 0.403226 0.029234 0.064516
1 0.582661 0.406810 0.040323 0.060932
1 0.533770 0.398746 0.039315 0.069892
1 0.431956 0.396953 0.031250 0.062724
1 0.329637 0.502688 0.046371 0.059140
1 0.398185 0.483871 0.052419 0.089606
1 0.475806 0.507168 0.036290 0.050179
1 0.512097 0.516129 0.036290 0.064516
1 0.574093 0.514337 0.033266 0.053763
1 0.611391 0.520609 0.033266 0.059140
1 0.637097 0.518817 0.026210 0.055556
1 0.678427 0.492832 0.046371 0.107527
1 0.714214 0.516129 0.029234 0.053763
1 0.741935 0.500000 0.038306 0.111111