0 0.880544 0.953405 0.083669 0.093190
1 0.403730 0.201613 0.045363 0.077061
1 0.408770 0.275986 0.037298 0.060932
1 0.448085 0.267921 0.047379 0.059140
1 0.484879 0.267921 0.048387 0.069892
1 0.527722 0.280466 0.035282 0.059140
1 0.560484 0.280466 0.044355 0.069892
1 0.598790 0.302867 0.028226 0.050179
1 0.613911 0.251792 0.032258 0.084229
1 0.640625 0.301075 0.035282 0.050179
1 0.718246 0.295699 0.033266 0.071685
1 0.763609 0.293907 0.031250 0.071685
1 0.452621 0.351254 0.030242 0.050179
1 0.476310 0.351254 0.035282 0.053763
1 0.505040 0.346774 0.042339 0.055556
1 0.544859 0.351254 0.037298 0.057348
1 0.579133 0.352151 0.033266 0.055556
1 0.396673 0.408602 0.023185 0.068100
1 0.432964 0.402330 0.031250 0.059140
1 0.486391 0.408602 0.027218 0.039427
1 0.531754 0.406810 0.037298 0.060932
1 0.577621 0.402330 0.046371 0.048387
1 0.617944 0.406810 0.046371 0.053763
1 0.713206 0.414875 0.035282 0.066308
1 0.763609 0.413082 0.037298 0.059140
1 0.824597 0.417563 0.036290 0.050179
1 0.334677 0.501792 0.044355 0.082437
1 0.404738 0.502688 0.033266 0.084229
1 0.483871 0.498208 0.040323 0.086022
1 0.514617 0.508065 0.035282 0.069892
1 0.579133 0.508961 0.043347 0.082437
1 0.608871 0.514337 0.036290 0.071685
1 0.635585 0.515233 0.027218 0.055556
1 0.678427 0.519713 0.044355 0.064516
1 0.714718 0.520609 0.056452 0.069892
1 0.746976 0.491935 0.036290 0.109319