1 0.406250 0.196237 0.040323 0.062724
1 0.409274 0.276882 0.036290 0.069892
1 0.448589 0.270609 0.040323 0.068100
1 0.481351 0.278674 0.035282 0.069892
1 0.527722 0.289427 0.033266 0.059140
1 0.551411 0.294803 0.030242 0.051971
1 0.572581 0.290323 0.030242 0.082437
1 0.597782 0.301971 0.032258 0.048387
1 0.642137 0.301971 0.040323 0.059140
1 0.714214 0.291219 0.033266 0.062724
1 0.763609 0.302867 0.039315 0.071685
1 0.364415 0.393369 0.047379 0.066308
1 0.431452 0.399642 0.028226 0.068100
1 0.452117 0.347670 0.023185 0.035842
1 0.480847 0.354839 0.020161 0.060932
1 0.506048 0.357527 0.032258 0.062724
1 0.545363 0.359319 0.030242 0.055556
1 0.537298 0.397849 0.052419 0.046595
1 0.586694 0.406810 0.032258 0.053763
1 0.626512 0.413082 0.037298 0.055556
1 0.713206 0.412186 0.047379 0.057348
1 0.762601 0.414875 0.037298 0.062724
1 0.828125 0.423835 0.045363 0.051971
1 0.335181 0.493728 0.051411 0.055556
1 0.396169 0.496416 0.036290 0.068100
1 0.480343 0.510753 0.039315 0.068100
1 0.520161 0.510753 0.038306 0.064516
1 0.578629 0.510753 0.030242 0.068100
1 0.611391 0.515233 0.033266 0.069892
1 0.640121 0.512545 0.028226 0.060932
1 0.681452 0.513441 0.038306 0.062724
1 0.711190 0.516129 0.033266 0.064516
1 0.745968 0.508961 0.038306 0.068100
2 0.657762 0.772401 0.071573 0.136201
0 0.898185 0.961470 0.064516 0.066308