5 0.394153 0.413082 0.076613 0.134409
6 0.612399 0.484767 0.099798 0.087814
5 0.879032 0.328853 0.086694 0.109319
0 0.764617 0.447133 0.055444 0.173835
0 0.756048 0.708781 0.040323 0.155914
6 0.584173 0.653226 0.087702 0.112903
0 0.202621 0.464158 0.054435 0.200717
6 0.920363 0.916667 0.060484 0.112903
6 0.239919 0.157706 0.068548 0.060932
1 0.463710 0.567204 0.046371 0.127240
1 0.464214 0.737455 0.075605 0.102151
1 0.495968 0.675627 0.074597 0.136201
1 0.489415 0.865591 0.085685 0.100358
1 0.490927 0.941756 0.096774 0.073477