5 0.387097 0.405018 0.088710 0.139785
0 0.192540 0.484767 0.068548 0.155914
0 0.257560 0.526882 0.095766 0.125448
0 0.215222 0.720430 0.101815 0.132616
0 0.750504 0.456989 0.059476 0.193548
0 0.731351 0.706989 0.087702 0.173835
1 0.469758 0.491935 0.042339 0.163082
1 0.460685 0.626344 0.054435 0.141577
1 0.452117 0.800179 0.053427 0.120072
1 0.479839 0.909498 0.080645 0.155914
6 0.497984 0.310036 0.038306 0.215054
6 0.920867 0.905018 0.065524 0.111111
6 0.554435 0.699821 0.060484 0.152330
6 0.700605 0.883513 0.078629 0.125448