0 0.175403 0.482079 0.088710 0.107527
0 0.240927 0.513441 0.122984 0.084229
0 0.234879 0.661290 0.072581 0.182796
0 0.200605 0.734767 0.044355 0.182796
0 0.731855 0.437276 0.082661 0.179211
1 0.477823 0.547491 0.050403 0.177419
1 0.485383 0.862007 0.065524 0.114695
6 0.919355 0.359319 0.052419 0.102151
6 0.939012 0.701613 0.079637 0.091398
6 0.879536 0.772401 0.041331 0.157706
6 0.917339 0.917563 0.074597 0.068100
6 0.576613 0.539427 0.094758 0.146953
6 0.572077 0.692652 0.093750 0.112903
6 0.615423 0.932796 0.097782 0.087814
6 0.447077 0.752688 0.071573 0.125448