0 0.357863 0.209677 0.096774 0.218638
0 0.653226 0.161290 0.072581 0.204301
0 0.731855 0.130824 0.096774 0.250896
0 0.093750 0.804659 0.082661 0.229391
0 0.178931 0.775986 0.081653 0.211470
0 0.247480 0.770609 0.047379 0.279570
0 0.397177 0.707885 0.155242 0.272401
0 0.504032 0.666667 0.074597 0.247312
0 0.623992 0.668459 0.096774 0.240143
0 0.765625 0.524194 0.089718 0.302867
0 0.955645 0.622760 0.078629 0.227599
0 0.338710 0.895161 0.070565 0.141577
0 0.424899 0.827957 0.091734 0.154122
0 0.431956 0.906810 0.071573 0.143369
0 0.499496 0.872760 0.057460 0.136201
0 0.555444 0.852151 0.058468 0.184588
0 0.612399 0.839606 0.059476 0.166667
0 0.645665 0.888889 0.055444 0.200717
0 0.704133 0.870072 0.073589 0.163082
0 0.753024 0.801971 0.050403 0.163082
0 0.793851 0.838710 0.043347 0.189964
0 0.836694 0.623656 0.068548 0.250896
0 0.848790 0.784050 0.080645 0.170251