0 0.368448 0.212366 0.085685 0.238351
0 0.657762 0.155018 0.053427 0.270609
0 0.741431 0.135305 0.067540 0.270609
0 0.214718 0.206093 0.118952 0.146953
0 0.103327 0.774194 0.051411 0.129032
0 0.186996 0.791219 0.099798 0.152330
0 0.248992 0.796595 0.056452 0.198925
0 0.410282 0.696237 0.145161 0.245520
0 0.339214 0.879928 0.085685 0.182796
0 0.415827 0.844982 0.061492 0.173835
0 0.433468 0.913978 0.068548 0.154122
0 0.511593 0.692652 0.091734 0.259857
0 0.500504 0.881720 0.063508 0.168459
0 0.558972 0.865591 0.077621 0.154122
0 0.633065 0.687276 0.060484 0.209677
0 0.648690 0.874552 0.061492 0.179211
0 0.696573 0.861111 0.060484 0.159498
0 0.770161 0.517025 0.094758 0.313620
0 0.722782 0.630824 0.066532 0.286738
0 0.753024 0.788530 0.068548 0.186380
0 0.791835 0.841398 0.055444 0.145161
0 0.828125 0.628136 0.067540 0.245520
0 0.850806 0.785842 0.076613 0.163082
0 0.947581 0.626344 0.066532 0.234767