0 0.207157 0.197133 0.101815 0.197133
0 0.355847 0.215054 0.094758 0.265233
0 0.649698 0.159498 0.071573 0.247312
0 0.745464 0.141577 0.091734 0.275986
0 0.109375 0.773297 0.063508 0.152330
0 0.169355 0.801075 0.098790 0.193548
0 0.245968 0.779570 0.076613 0.261649
0 0.415323 0.680108 0.112903 0.313620
0 0.506048 0.678315 0.088710 0.216846
0 0.340726 0.883513 0.064516 0.207885
0 0.433468 0.851254 0.046371 0.150538
0 0.426411 0.906810 0.078629 0.161290
0 0.503528 0.870968 0.059476 0.179211
0 0.644153 0.681004 0.052419 0.232975
0 0.769153 0.517921 0.082661 0.308244
0 0.561492 0.859319 0.062500 0.163082
0 0.707157 0.698029 0.061492 0.259857
0 0.611895 0.818996 0.054435 0.193548
0 0.649194 0.885305 0.038306 0.168459
0 0.694556 0.858423 0.058468 0.143369
0 0.750504 0.784946 0.049395 0.186380
0 0.789315 0.827061 0.048387 0.163082
0 0.830645 0.622760 0.062500 0.256272
0 0.846774 0.800179 0.060484 0.181004
0 0.946573 0.640681 0.060484 0.245520