0 0.366935 0.498208 0.066532 0.157706
0 0.372984 0.215054 0.106855 0.261649
0 0.649698 0.174731 0.075605 0.238351
0 0.731351 0.133513 0.128024 0.263441
0 0.107863 0.779570 0.054435 0.154122
0 0.175403 0.791219 0.074597 0.170251
0 0.253528 0.774194 0.081653 0.261649
0 0.391129 0.710573 0.153226 0.238351
0 0.510081 0.687276 0.072581 0.231183
0 0.420363 0.902330 0.068548 0.166667
0 0.549899 0.861111 0.055444 0.159498
0 0.641633 0.668459 0.081653 0.240143
0 0.721774 0.655914 0.054435 0.254480
0 0.605343 0.806452 0.063508 0.172043
0 0.653226 0.881720 0.058468 0.157706
0 0.704133 0.877240 0.043347 0.177419
0 0.484375 0.894265 0.049395 0.161290
0 0.748992 0.798387 0.066532 0.195341
0 0.799899 0.836918 0.047379 0.161290
0 0.846270 0.644265 0.051411 0.231183
0 0.773690 0.510753 0.091734 0.301075
0 0.850806 0.815412 0.062500 0.146953
0 0.933972 0.636201 0.067540 0.211470
0 0.211694 0.210573 0.112903 0.159498