0 0.320565 0.172939 0.060484 0.234767
0 0.384577 0.198925 0.067540 0.254480
0 0.661794 0.258961 0.180444 0.413978
0 0.092742 0.811828 0.064516 0.175627
0 0.178427 0.796595 0.072581 0.170251
0 0.263609 0.796595 0.065524 0.213262
0 0.505544 0.681900 0.077621 0.295699
0 0.441028 0.890681 0.069556 0.161290
0 0.343750 0.882616 0.050403 0.181004
0 0.634577 0.675627 0.063508 0.207885
0 0.720766 0.666667 0.064516 0.204301
0 0.781754 0.527778 0.061492 0.263441
0 0.832661 0.626344 0.056452 0.245520
0 0.933972 0.635305 0.069556 0.198925
0 0.847782 0.751792 0.080645 0.188172
0 0.756048 0.776882 0.044355 0.195341
0 0.696573 0.787634 0.038306 0.209677
0 0.629032 0.852151 0.074597 0.145161
0 0.568044 0.864695 0.049395 0.159498
0 0.506552 0.869176 0.055444 0.161290