0 0.201109 0.244624 0.079637 0.224014
0 0.280746 0.214158 0.055444 0.198925
0 0.341734 0.166667 0.078629 0.247312
0 0.452117 0.191756 0.069556 0.286738
0 0.517137 0.132616 0.060484 0.250896
0 0.581149 0.134409 0.045363 0.150538
0 0.682460 0.146057 0.060484 0.202509
0 0.731351 0.178315 0.089718 0.292115
0 0.959677 0.387993 0.062500 0.388889
0 0.100806 0.772401 0.052419 0.157706
0 0.269153 0.775986 0.064516 0.254480
0 0.485887 0.656810 0.068548 0.256272
0 0.426411 0.801971 0.064516 0.349462
0 0.372480 0.901434 0.067540 0.186380
0 0.504536 0.859319 0.049395 0.159498
0 0.564012 0.870072 0.051411 0.166667
0 0.630544 0.652330 0.144153 0.229391
0 0.637097 0.812724 0.060484 0.163082
0 0.727319 0.644265 0.109879 0.342294
0 0.791835 0.673835 0.071573 0.225806
0 0.859375 0.639785 0.065524 0.207885
0 0.931956 0.629032 0.075605 0.189964
0 0.861895 0.814516 0.052419 0.155914
0 0.738911 0.876344 0.076613 0.114695