0 0.190524 0.237455 0.078629 0.195341
0 0.278730 0.210573 0.049395 0.213262
0 0.320060 0.198925 0.043347 0.207885
0 0.353831 0.200717 0.072581 0.254480
0 0.447581 0.160394 0.070565 0.306452
0 0.521673 0.161290 0.045363 0.175627
0 0.563004 0.137097 0.061492 0.166667
0 0.708165 0.174731 0.093750 0.295699
0 0.111391 0.779570 0.059476 0.154122
0 0.142137 0.849462 0.034274 0.111111
0 0.275706 0.769713 0.075605 0.231183
0 0.351815 0.797491 0.074597 0.218638
0 0.383065 0.906810 0.054435 0.150538
0 0.481351 0.657706 0.057460 0.232975
0 0.444052 0.822581 0.067540 0.229391
0 0.493952 0.865591 0.064516 0.154122
0 0.526210 0.784050 0.072581 0.188172
0 0.567036 0.870968 0.057460 0.146953
0 0.621976 0.776882 0.078629 0.191756
0 0.667843 0.882616 0.057460 0.148746
0 0.699093 0.767921 0.073589 0.202509
0 0.737903 0.641577 0.064516 0.333333
0 0.731351 0.875448 0.043347 0.109319
0 0.796875 0.676523 0.087702 0.209677
0 0.780242 0.836918 0.068548 0.121864
0 0.868952 0.646057 0.078629 0.259857
0 0.949597 0.383513 0.078629 0.347670
0 0.943548 0.639785 0.068548 0.175627
0 0.854839 0.834229 0.060484 0.159498