0 0.196069 0.248208 0.069556 0.220430
0 0.266129 0.205197 0.054435 0.234767
0 0.342238 0.203405 0.091734 0.227599
0 0.439012 0.176523 0.099798 0.249104
0 0.512097 0.148746 0.068548 0.232975
0 0.592742 0.108423 0.048387 0.209677
0 0.720262 0.181900 0.097782 0.259857
0 0.104335 0.767921 0.049395 0.134409
0 0.141633 0.852151 0.047379 0.123656
0 0.273185 0.770609 0.054435 0.215054
0 0.339214 0.810036 0.067540 0.222222
0 0.375000 0.891577 0.056452 0.152330
0 0.476310 0.652330 0.075605 0.250896
0 0.444052 0.811828 0.071573 0.222222
0 0.489415 0.871864 0.055444 0.148746
0 0.537298 0.797491 0.060484 0.154122
0 0.561996 0.883513 0.037298 0.132616
0 0.635585 0.766129 0.077621 0.170251
0 0.661794 0.894265 0.041331 0.121864
0 0.731351 0.629032 0.073589 0.290323
0 0.695060 0.774194 0.059476 0.172043
0 0.721774 0.874552 0.058468 0.118280
0 0.786290 0.672043 0.092742 0.236559
0 0.890121 0.658602 0.070565 0.209677
0 0.859375 0.825269 0.051411 0.120072
0 0.818044 0.922939 0.111895 0.100358
0 0.961190 0.410394 0.077620 0.372760
0 0.949093 0.646953 0.069556 0.189964