0 0.188004 0.249104 0.071573 0.243728
0 0.259577 0.226703 0.045363 0.216846
0 0.303931 0.218638 0.065524 0.204301
0 0.354335 0.192652 0.075605 0.249104
0 0.436996 0.157706 0.099798 0.301075
0 0.511089 0.170251 0.068548 0.243728
0 0.582661 0.160394 0.088710 0.220430
0 0.662802 0.152330 0.063508 0.222222
0 0.726310 0.170251 0.097782 0.318996
0 0.965222 0.406810 0.069556 0.451613
0 0.330645 0.760753 0.094758 0.224014
0 0.477823 0.672043 0.090726 0.265233
0 0.597278 0.684588 0.081653 0.311828
0 0.797883 0.675627 0.057460 0.272401
0 0.856855 0.640681 0.072581 0.238351
0 0.098790 0.762545 0.046371 0.152330
0 0.140625 0.853047 0.045363 0.154122
0 0.291835 0.860215 0.063508 0.179211
0 0.369960 0.895161 0.070565 0.170251
0 0.465222 0.829749 0.073589 0.164875
0 0.529234 0.789427 0.060484 0.195341
0 0.567036 0.884409 0.043347 0.116487
0 0.635585 0.773297 0.045363 0.155914
0 0.664315 0.880824 0.042339 0.098566
0 0.707157 0.767921 0.057460 0.231183
0 0.724294 0.881720 0.047379 0.129032
0 0.753024 0.725806 0.054435 0.326165
0 0.858871 0.804659 0.050403 0.154122
0 0.941532 0.625448 0.064516 0.197133