0 0.177923 0.250000 0.075605 0.234767
0 0.267137 0.208781 0.070565 0.216846
0 0.354839 0.193548 0.084677 0.258065
0 0.446069 0.182796 0.087702 0.279570
0 0.514617 0.177419 0.067540 0.222222
0 0.585685 0.157706 0.066532 0.218638
0 0.675403 0.149642 0.062500 0.238351
0 0.732359 0.175627 0.073589 0.315412
0 0.913306 0.125448 0.118952 0.168459
0 0.961190 0.417563 0.045363 0.383513
0 0.956149 0.660394 0.053427 0.216846
0 0.872480 0.650538 0.061492 0.225806
0 0.802419 0.666667 0.062500 0.236559
0 0.600806 0.664875 0.082661 0.290323
0 0.478327 0.671147 0.103831 0.277778
0 0.386089 0.810932 0.076613 0.155914
0 0.474798 0.880824 0.072581 0.141577
0 0.552923 0.819892 0.065524 0.234767
0 0.642137 0.775986 0.054435 0.172043
0 0.669859 0.890681 0.041331 0.132616
0 0.703629 0.753584 0.048387 0.238351
0 0.717238 0.876344 0.057460 0.089606
0 0.748488 0.733871 0.045363 0.249104
0 0.814012 0.815412 0.051411 0.136201
0 0.863407 0.824373 0.059476 0.161290
0 0.297379 0.876344 0.080645 0.161290
0 0.106855 0.771505 0.056452 0.184588
0 0.142137 0.861111 0.056452 0.166667