0 0.196069 0.243728 0.047379 0.232975
0 0.273690 0.213262 0.057460 0.200717
0 0.357359 0.198029 0.077621 0.234767
0 0.449597 0.157706 0.094758 0.293907
0 0.524698 0.146953 0.057460 0.150538
0 0.595766 0.146953 0.066532 0.204301
0 0.731351 0.170251 0.081653 0.322581
0 0.867440 0.123656 0.083669 0.222222
0 0.964214 0.405018 0.061492 0.440860
0 0.110383 0.784946 0.035282 0.143369
0 0.134073 0.850358 0.038306 0.137993
0 0.295363 0.875448 0.086694 0.159498
0 0.372984 0.840502 0.084677 0.232975
0 0.426915 0.888889 0.069556 0.143369
0 0.471270 0.707885 0.091734 0.268817
0 0.593750 0.676523 0.120968 0.288530
0 0.565524 0.884409 0.060484 0.163082
0 0.633569 0.771505 0.075605 0.177419
0 0.663306 0.891577 0.046371 0.137993
0 0.692540 0.767025 0.080645 0.261649
0 0.748488 0.733871 0.077621 0.238351
0 0.794355 0.672043 0.070565 0.218638
0 0.863407 0.645161 0.071573 0.186380
0 0.861391 0.815412 0.057460 0.168459
0 0.941028 0.657706 0.059476 0.189964