0 0.202621 0.253584 0.060484 0.198925
0 0.271169 0.202509 0.064516 0.225806
0 0.315524 0.206093 0.058468 0.207885
0 0.359375 0.209677 0.075605 0.272401
0 0.445565 0.188172 0.092742 0.272401
0 0.516633 0.174731 0.071573 0.249104
0 0.586190 0.161290 0.077621 0.225806
0 0.681956 0.148746 0.069556 0.243728
0 0.736895 0.169355 0.072581 0.295699
0 0.851815 0.140681 0.082661 0.256272
0 0.959173 0.411290 0.075605 0.410394
0 0.098286 0.773297 0.041331 0.148746
0 0.135585 0.854839 0.045363 0.150538
0 0.297379 0.840502 0.068548 0.186380
0 0.386089 0.835125 0.078629 0.229391
0 0.461190 0.678315 0.083669 0.195341
0 0.465726 0.840502 0.094758 0.164875
0 0.591230 0.658602 0.083669 0.356631
0 0.532762 0.798387 0.067540 0.213262
0 0.632056 0.760753 0.070565 0.213262
0 0.706653 0.750000 0.060484 0.249104
0 0.742944 0.735663 0.070565 0.245520
0 0.793851 0.683692 0.059476 0.224014
0 0.865927 0.644265 0.074597 0.206093
0 0.860887 0.824373 0.058468 0.129032
0 0.932460 0.648746 0.060484 0.200717