0 0.145161 0.239247 0.048387 0.188172
0 0.199093 0.264337 0.043347 0.216846
0 0.276210 0.203405 0.056452 0.202509
0 0.314516 0.204301 0.046371 0.215054
0 0.361895 0.209677 0.070565 0.250896
0 0.444052 0.176523 0.087702 0.281362
0 0.533266 0.169355 0.074597 0.170251
0 0.602319 0.168459 0.059476 0.197133
0 0.676411 0.154122 0.048387 0.204301
0 0.733871 0.175627 0.074597 0.326165
0 0.840726 0.149642 0.080645 0.227599
0 0.960685 0.402330 0.068548 0.381720
0 0.106351 0.779570 0.043347 0.125448
0 0.139113 0.853047 0.044355 0.107527
0 0.291331 0.865591 0.106855 0.136201
0 0.375000 0.830645 0.137097 0.202509
0 0.457661 0.666667 0.098790 0.240143
0 0.544859 0.784050 0.055444 0.195341
0 0.556452 0.881720 0.056452 0.096774
0 0.612903 0.678315 0.096774 0.367384
0 0.707661 0.749104 0.054435 0.218638
0 0.801411 0.683692 0.060484 0.224014
0 0.710181 0.885305 0.089718 0.103943
0 0.855847 0.821685 0.058468 0.145161
0 0.861391 0.629928 0.069556 0.245520
0 0.953125 0.653226 0.075605 0.195341