0 0.165323 0.240143 0.030242 0.157706
0 0.205645 0.254480 0.060484 0.193548
0 0.280242 0.220430 0.052419 0.193548
0 0.356855 0.203405 0.094758 0.245520
0 0.450605 0.177419 0.086694 0.243728
0 0.526210 0.146057 0.064516 0.252688
0 0.590222 0.154122 0.065524 0.207885
0 0.625504 0.147849 0.075605 0.202509
0 0.673891 0.146057 0.057460 0.241935
0 0.723286 0.177419 0.087702 0.322581
0 0.839718 0.141577 0.076613 0.254480
0 0.961694 0.397849 0.068548 0.397849
0 0.086694 0.782258 0.056452 0.188172
0 0.135081 0.848566 0.042339 0.127240
0 0.210685 0.875448 0.088710 0.127240
0 0.362903 0.822581 0.070565 0.222222
0 0.427923 0.914875 0.077621 0.163082
0 0.467238 0.733871 0.085685 0.299283
0 0.530746 0.793011 0.055444 0.173835
0 0.597278 0.667563 0.077621 0.378136
0 0.560988 0.875448 0.067540 0.170251
0 0.638609 0.758065 0.059476 0.189964
0 0.657762 0.873656 0.061492 0.116487
0 0.693548 0.744624 0.090726 0.227599
0 0.724798 0.882616 0.068548 0.077061
0 0.795363 0.677419 0.062500 0.232975
0 0.789315 0.874552 0.048387 0.121864
0 0.866431 0.635305 0.065524 0.191756
0 0.860887 0.834229 0.050403 0.127240
0 0.898690 0.741935 0.065524 0.243728
0 0.945565 0.636201 0.064516 0.197133