0 0.220262 0.495520 0.101815 0.137993
0 0.259073 0.585125 0.127016 0.080645
0 0.231855 0.701613 0.094758 0.127240
0 0.735383 0.459677 0.103831 0.137993
0 0.739919 0.701613 0.064516 0.184588
6 0.595766 0.689964 0.060484 0.197133
1 0.503024 0.484767 0.102823 0.069892
1 0.475806 0.574373 0.060484 0.127240
1 0.483871 0.724014 0.064516 0.157706
1 0.442036 0.832437 0.083669 0.163082
1 0.441532 0.960573 0.074597 0.071685
6 0.927419 0.293907 0.058468 0.089606
6 0.964214 0.449821 0.049395 0.136201
6 0.216230 0.215950 0.041331 0.148746