0 0.134073 0.460573 0.163306 0.344086
0 0.166331 0.236559 0.076613 0.136201
0 0.226310 0.241935 0.059476 0.207885
0 0.272681 0.224014 0.053427 0.197133
0 0.298387 0.196237 0.058468 0.202509
0 0.356855 0.205197 0.072581 0.263441
0 0.448085 0.168459 0.075605 0.311828
0 0.517137 0.156810 0.064516 0.249104
0 0.585685 0.155914 0.068548 0.236559
0 0.676915 0.161290 0.053427 0.215054
0 0.626512 0.161290 0.037298 0.240143
0 0.726815 0.175627 0.076613 0.297491
0 0.844254 0.128136 0.081653 0.213262
0 0.964214 0.415771 0.071572 0.422939
0 0.135585 0.859319 0.045363 0.137993
0 0.234375 0.868280 0.083669 0.166667
0 0.358871 0.827957 0.082661 0.232975
0 0.469254 0.773297 0.053427 0.281362
0 0.435484 0.894265 0.074597 0.186380
0 0.561492 0.697133 0.084677 0.275986
0 0.552923 0.841398 0.093750 0.252688
0 0.639617 0.782258 0.061492 0.184588
0 0.698085 0.754480 0.067540 0.193548
0 0.802419 0.672939 0.064516 0.227599
0 0.869456 0.658602 0.059476 0.191756
0 0.950101 0.665771 0.063508 0.148746
0 0.759577 0.767921 0.051411 0.241935
0 0.849294 0.824373 0.069556 0.139785