0 0.210685 0.465950 0.080645 0.168459
0 0.699597 0.594982 0.106855 0.132616
0 0.785786 0.718638 0.053427 0.186380
6 0.587198 0.586022 0.049395 0.186380
6 0.679940 0.828853 0.097782 0.130824
5 0.376008 0.405914 0.078629 0.148746
6 0.105343 0.299283 0.049395 0.118280
0 0.234375 0.713262 0.089718 0.136201
1 0.490423 0.553763 0.047379 0.086022
1 0.516633 0.629032 0.089718 0.129032
1 0.493448 0.777778 0.093750 0.118280
1 0.503528 0.900538 0.063508 0.109319
1 0.437500 0.846774 0.080645 0.155914
6 0.294355 0.191756 0.066532 0.154122