5 0.385585 0.405018 0.087702 0.136201
0 0.699093 0.608423 0.109879 0.105735
6 0.679435 0.792115 0.086694 0.197133
6 0.579133 0.605735 0.051411 0.186380
6 0.912802 0.360215 0.057460 0.107527
1 0.483367 0.531362 0.053427 0.148746
1 0.512601 0.640681 0.057460 0.102151
1 0.466734 0.689964 0.046371 0.100358
1 0.497480 0.776882 0.071573 0.077061
1 0.420363 0.817204 0.098790 0.103943
1 0.495464 0.897849 0.091734 0.100358
5 0.576109 0.123656 0.107863 0.118280
0 0.259577 0.644265 0.119960 0.109319
0 0.213710 0.704301 0.098790 0.107527