0 0.196069 0.448925 0.049395 0.195341
0 0.203629 0.742832 0.060484 0.163082
0 0.784778 0.438172 0.047379 0.163082
0 0.773185 0.703405 0.076613 0.141577
0 0.693548 0.602151 0.098790 0.093190
5 0.577117 0.120968 0.091734 0.116487
1 0.461190 0.489247 0.071573 0.103943
1 0.433468 0.811828 0.088710 0.075269
1 0.497480 0.959677 0.079637 0.080645
5 0.300403 0.194444 0.064516 0.112903
6 0.282762 0.618280 0.049395 0.222222
6 0.907762 0.363799 0.071573 0.082437
6 0.949597 0.541219 0.038306 0.107527
6 0.609879 0.706093 0.046371 0.186380
6 0.644153 0.891577 0.084677 0.102151