6 0.243448 0.324373 0.089718 0.136201
0 0.226815 0.498208 0.054435 0.197133
0 0.731351 0.459677 0.071573 0.155914
0 0.690524 0.587814 0.116935 0.086022
0 0.714718 0.686380 0.072581 0.146953
0 0.791331 0.681900 0.078629 0.120072
6 0.217238 0.162186 0.067540 0.098566
1 0.440524 0.472222 0.086694 0.091398
1 0.460181 0.590502 0.055444 0.098566
1 0.496472 0.676523 0.037298 0.137993
1 0.444052 0.723118 0.073589 0.091398
1 0.507056 0.798387 0.110887 0.084229
1 0.487903 0.879032 0.098790 0.087814
6 0.952621 0.237455 0.036290 0.120072