6 0.234879 0.499104 0.070565 0.163082
0 0.246976 0.685484 0.072581 0.134409
0 0.189012 0.741935 0.043347 0.146953
0 0.734879 0.462366 0.106855 0.132616
0 0.792843 0.688172 0.061492 0.132616
0 0.696069 0.577061 0.097782 0.060932
0 0.715726 0.676523 0.078629 0.159498
6 0.815524 0.895161 0.066532 0.145161
1 0.474798 0.573477 0.080645 0.125448
1 0.459677 0.716846 0.074597 0.057348
1 0.495968 0.808244 0.090726 0.071685
1 0.488911 0.879928 0.078629 0.071685
6 0.234879 0.204301 0.060484 0.111111
6 0.240927 0.312724 0.088710 0.134409
6 0.602823 0.499104 0.070565 0.195341