0 0.097278 0.283154 0.041331 0.168459
0 0.179435 0.250896 0.048387 0.189964
0 0.243952 0.225806 0.048387 0.186380
0 0.343750 0.202509 0.060484 0.247312
0 0.442036 0.191756 0.039315 0.272401
0 0.539819 0.165771 0.059476 0.198925
0 0.491431 0.188172 0.045363 0.229391
0 0.588710 0.163082 0.044355 0.186380
0 0.657762 0.137097 0.061492 0.159498
0 0.746976 0.160394 0.062500 0.213262
0 0.843750 0.158602 0.058468 0.213262
0 0.043851 0.692652 0.055444 0.130824
0 0.124496 0.688172 0.079637 0.182796
0 0.174899 0.842294 0.053427 0.172043
0 0.357863 0.687276 0.072581 0.241935
0 0.471270 0.674731 0.063508 0.263441
0 0.595766 0.660394 0.072581 0.288530
0 0.702621 0.654122 0.074597 0.218638
0 0.815020 0.618280 0.065524 0.308244
0 0.884073 0.650538 0.060484 0.189964
0 0.926411 0.504480 0.098790 0.267025
0 0.358871 0.870072 0.070565 0.170251
0 0.428427 0.869176 0.056452 0.146953
0 0.501512 0.872760 0.049395 0.103943
0 0.535282 0.787634 0.048387 0.173835
0 0.583165 0.868280 0.081653 0.137993
0 0.628024 0.776882 0.052419 0.191756
0 0.701613 0.793907 0.076613 0.114695
0 0.764617 0.786738 0.057460 0.215054
0 0.842742 0.844086 0.048387 0.121864
0 0.852823 0.766129 0.048387 0.109319