0 0.092742 0.282258 0.044355 0.173835
0 0.133569 0.243728 0.041331 0.157706
0 0.174899 0.255376 0.059476 0.181004
0 0.246472 0.217742 0.061492 0.202509
0 0.287298 0.203405 0.052419 0.181004
0 0.339214 0.200717 0.069556 0.247312
0 0.399194 0.189964 0.038306 0.207885
0 0.435988 0.200717 0.057460 0.240143
0 0.490423 0.195341 0.057460 0.215054
0 0.540323 0.181004 0.052419 0.272401
0 0.580645 0.177419 0.042339 0.193548
0 0.610887 0.167563 0.056452 0.191756
0 0.664315 0.146057 0.050403 0.184588
0 0.753024 0.146953 0.048387 0.232975
0 0.806452 0.244624 0.048387 0.152330
0 0.847278 0.136201 0.065524 0.254480
0 0.940524 0.497312 0.104839 0.274194
0 0.035786 0.683692 0.055444 0.148746
0 0.124496 0.702509 0.073589 0.211470
0 0.361391 0.681900 0.079637 0.252688
0 0.474798 0.676523 0.074597 0.252688
0 0.590222 0.658602 0.059476 0.270609
0 0.370464 0.881720 0.069556 0.150538
0 0.435988 0.864695 0.049395 0.159498
0 0.489919 0.870072 0.070565 0.109319
0 0.533770 0.776882 0.067540 0.148746
0 0.710181 0.668459 0.065524 0.250896
0 0.800907 0.628136 0.069556 0.259857
0 0.639113 0.799283 0.056452 0.161290
0 0.587702 0.854839 0.064516 0.139785
0 0.694556 0.793011 0.092742 0.112903
0 0.759073 0.785842 0.080645 0.213262
0 0.883065 0.640681 0.058468 0.256272
0 0.845262 0.804659 0.065524 0.168459
0 0.180948 0.837814 0.059476 0.155914
2 0.233871 0.063620 0.064516 0.094982