0 0.091230 0.293907 0.043347 0.182796
0 0.134073 0.252688 0.058468 0.150538
0 0.175907 0.249104 0.043347 0.197133
0 0.253024 0.230287 0.050403 0.220430
0 0.331149 0.211470 0.073589 0.254480
0 0.397177 0.189068 0.036290 0.238351
0 0.426915 0.188172 0.047379 0.265233
0 0.486391 0.170251 0.051411 0.243728
0 0.534778 0.171147 0.059476 0.256272
0 0.573589 0.146953 0.040323 0.222222
0 0.599294 0.142473 0.061492 0.202509
0 0.654234 0.133513 0.064516 0.206093
0 0.754032 0.163978 0.072581 0.213262
0 0.055948 0.685484 0.073589 0.184588
0 0.128024 0.684588 0.048387 0.207885
0 0.359375 0.685484 0.075605 0.259857
0 0.473286 0.679211 0.089718 0.225806
0 0.584677 0.672043 0.072581 0.225806
0 0.707157 0.669355 0.083669 0.252688
0 0.814012 0.620968 0.079637 0.245520
0 0.932460 0.492832 0.098790 0.225806
0 0.173387 0.862903 0.046371 0.177419
0 0.362903 0.874552 0.064516 0.186380
0 0.435988 0.873656 0.063508 0.195341
0 0.493448 0.881720 0.075605 0.100358
0 0.532258 0.793907 0.062500 0.200717
0 0.588206 0.862903 0.075605 0.141577
0 0.631552 0.786738 0.061492 0.168459
0 0.764113 0.778674 0.048387 0.220430
0 0.834677 0.758961 0.044355 0.170251