0 0.098286 0.292115 0.075605 0.204301
0 0.170363 0.265233 0.064516 0.207885
0 0.255544 0.215054 0.055444 0.182796
0 0.296875 0.213262 0.037298 0.164875
0 0.344254 0.201613 0.071573 0.231183
0 0.395665 0.189964 0.031250 0.229391
0 0.432964 0.196237 0.061492 0.238351
0 0.491431 0.176523 0.055444 0.209677
0 0.541331 0.189068 0.060484 0.249104
0 0.576109 0.161290 0.035282 0.193548
0 0.599798 0.153226 0.044355 0.209677
0 0.652218 0.146953 0.052419 0.204301
0 0.753024 0.162186 0.064516 0.231183
0 0.851310 0.158602 0.035282 0.213262
0 0.047379 0.682796 0.042339 0.186380
0 0.133065 0.689068 0.072581 0.198925
0 0.275706 0.779570 0.067540 0.240143
0 0.356351 0.694444 0.075605 0.213262
0 0.469758 0.688172 0.070565 0.240143
0 0.590726 0.681900 0.068548 0.256272
0 0.706653 0.665771 0.084677 0.231183
0 0.801915 0.628136 0.075605 0.270609
0 0.870968 0.648746 0.068548 0.186380
0 0.923891 0.490143 0.105847 0.263441
0 0.831653 0.789427 0.034274 0.105735
0 0.703125 0.818996 0.069556 0.154122
0 0.497984 0.886201 0.066532 0.102151
0 0.537802 0.762545 0.071573 0.256272
0 0.368952 0.881720 0.058468 0.175627
0 0.432964 0.844982 0.069556 0.213262
0 0.597782 0.875448 0.050403 0.155914