0 0.091734 0.286738 0.040323 0.161290
0 0.128024 0.244624 0.040323 0.184588
0 0.171875 0.248208 0.055444 0.202509
0 0.252520 0.217742 0.065524 0.224014
0 0.292843 0.203405 0.041331 0.191756
0 0.338710 0.208781 0.064516 0.267025
0 0.389113 0.182796 0.050403 0.229391
0 0.430948 0.194444 0.057460 0.267025
0 0.482359 0.165771 0.061492 0.245520
0 0.545867 0.180108 0.081653 0.263441
0 0.635081 0.122760 0.082661 0.245520
0 0.742944 0.171147 0.062500 0.241935
0 0.840222 0.166667 0.051411 0.218638
0 0.049899 0.687276 0.069556 0.130824
0 0.123992 0.680108 0.060484 0.209677
0 0.357359 0.676523 0.077621 0.263441
0 0.474294 0.683692 0.089718 0.259857
0 0.592742 0.659498 0.072581 0.297491
0 0.708669 0.670251 0.068548 0.243728
0 0.806452 0.636201 0.078629 0.279570
0 0.932964 0.492832 0.091734 0.265233
0 0.878528 0.662186 0.075605 0.234767
0 0.179435 0.844086 0.054435 0.136201
0 0.270665 0.812724 0.081653 0.202509
0 0.372480 0.882616 0.047379 0.177419
0 0.436996 0.867384 0.057460 0.161290
0 0.501512 0.884409 0.055444 0.109319
0 0.530746 0.773297 0.069556 0.181004
0 0.595262 0.868280 0.053427 0.159498
0 0.639113 0.787634 0.052419 0.220430
0 0.705645 0.805556 0.052419 0.141577
0 0.757056 0.787634 0.052419 0.195341
0 0.830645 0.834229 0.058468 0.155914