0 0.087702 0.301971 0.070565 0.166667
0 0.136593 0.236559 0.037298 0.164875
0 0.183468 0.247312 0.054435 0.200717
0 0.255040 0.217742 0.054435 0.209677
0 0.295363 0.207885 0.042339 0.186380
0 0.339718 0.210573 0.076613 0.252688
0 0.399698 0.185484 0.049395 0.238351
0 0.441532 0.193548 0.070565 0.268817
0 0.492440 0.166667 0.065524 0.243728
0 0.537298 0.172043 0.076613 0.254480
0 0.584677 0.150538 0.062500 0.286738
0 0.642137 0.131720 0.078629 0.227599
0 0.708669 0.086918 0.030242 0.148746
0 0.745464 0.163978 0.069556 0.227599
0 0.864919 0.154122 0.068548 0.222222
0 0.054435 0.690860 0.064516 0.137993
0 0.120464 0.704301 0.069556 0.186380
0 0.171875 0.822581 0.065524 0.182796
0 0.266129 0.813620 0.064516 0.247312
0 0.347278 0.677419 0.079637 0.232975
0 0.470766 0.684588 0.070565 0.261649
0 0.586694 0.655018 0.066532 0.259857
0 0.707157 0.652330 0.059476 0.254480
0 0.810988 0.650538 0.093750 0.200717
0 0.876008 0.646953 0.060484 0.189964
0 0.931956 0.503584 0.091734 0.286738
0 0.371976 0.885305 0.064516 0.154122
0 0.441532 0.869176 0.060484 0.189964
0 0.495968 0.867384 0.054435 0.132616
0 0.584677 0.867384 0.052419 0.150538
0 0.628528 0.774194 0.061492 0.172043
0 0.657258 0.870072 0.054435 0.145161
0 0.705141 0.826165 0.065524 0.125448
0 0.748488 0.764337 0.063508 0.220430
0 0.786794 0.822581 0.043347 0.157706
0 0.817540 0.784946 0.078629 0.182796