0 0.095262 0.295699 0.073589 0.179211
0 0.176411 0.253584 0.056452 0.170251
0 0.248992 0.224910 0.062500 0.181004
0 0.347782 0.189068 0.064516 0.245520
0 0.398690 0.172939 0.041331 0.224014
0 0.442036 0.195341 0.067540 0.247312
0 0.489919 0.193548 0.054435 0.182796
0 0.538306 0.179211 0.068548 0.272401
0 0.638105 0.127240 0.072581 0.250896
0 0.704133 0.150538 0.043347 0.207885
0 0.738407 0.154122 0.039315 0.193548
0 0.768145 0.159498 0.034274 0.164875
0 0.850302 0.172939 0.045363 0.202509
0 0.049395 0.682796 0.068548 0.164875
0 0.137097 0.677419 0.074597 0.215054
0 0.171875 0.836022 0.029234 0.155914
0 0.266129 0.788530 0.070565 0.186380
0 0.350302 0.677419 0.093750 0.258065
0 0.473286 0.672043 0.067540 0.222222
0 0.588206 0.652330 0.067540 0.261649
0 0.709173 0.654122 0.061492 0.254480
0 0.804940 0.629928 0.069556 0.220430
0 0.932964 0.493728 0.089718 0.245520
0 0.874496 0.660394 0.071573 0.209677
0 0.370968 0.864695 0.050403 0.137993
0 0.431956 0.864695 0.053427 0.166667
0 0.501008 0.861111 0.068548 0.134409
0 0.532762 0.776882 0.055444 0.166667
0 0.580645 0.862903 0.074597 0.155914
0 0.628024 0.774194 0.056452 0.207885
0 0.660282 0.854839 0.046371 0.154122
0 0.701109 0.807348 0.071573 0.098566
0 0.754536 0.775986 0.073589 0.204301
0 0.783266 0.828853 0.044355 0.123656
0 0.832157 0.800179 0.075605 0.159498