0 0.135585 0.220430 0.055444 0.172043
0 0.194556 0.236559 0.048387 0.197133
0 0.256552 0.210573 0.061492 0.245520
0 0.296371 0.218638 0.046371 0.211470
0 0.346774 0.209677 0.072581 0.254480
0 0.545867 0.170251 0.063508 0.186380
0 0.447581 0.225806 0.078629 0.179211
0 0.633569 0.142473 0.065524 0.238351
0 0.704637 0.155914 0.046371 0.207885
0 0.750504 0.156810 0.057460 0.216846
0 0.452117 0.110215 0.119960 0.069892
0 0.182964 0.602151 0.134073 0.218638
0 0.348790 0.681004 0.070565 0.247312
0 0.468750 0.669355 0.088710 0.213262
0 0.125000 0.698029 0.080645 0.195341
0 0.719758 0.646953 0.074597 0.247312
0 0.801915 0.621864 0.073589 0.275986
0 0.888105 0.617384 0.076613 0.227599
0 0.934476 0.475806 0.074597 0.331541
0 0.126008 0.855735 0.066532 0.145161
0 0.192540 0.795699 0.052419 0.179211
0 0.256552 0.777778 0.043347 0.229391
0 0.296875 0.787634 0.057460 0.213262
0 0.357863 0.857527 0.060484 0.163082
0 0.416331 0.808244 0.058468 0.186380
0 0.429940 0.877240 0.053427 0.137993
0 0.498992 0.784050 0.062500 0.170251
0 0.500000 0.898746 0.050403 0.112903
0 0.601815 0.828853 0.060484 0.188172
0 0.653730 0.850358 0.069556 0.159498
0 0.727319 0.802867 0.073589 0.107527