0 0.131048 0.232975 0.064516 0.157706
0 0.200101 0.230287 0.055444 0.231183
0 0.252016 0.215950 0.058468 0.234767
0 0.348286 0.194444 0.053427 0.252688
0 0.431956 0.185484 0.087702 0.245520
0 0.540827 0.171147 0.083669 0.267025
0 0.488407 0.181004 0.071573 0.286738
0 0.640121 0.154122 0.068548 0.250896
0 0.710685 0.150538 0.050403 0.211470
0 0.751008 0.163082 0.046371 0.229391
0 0.844254 0.215950 0.065524 0.112903
0 0.120464 0.693548 0.097782 0.197133
0 0.146673 0.856631 0.051411 0.136201
0 0.195060 0.793907 0.061492 0.146953
0 0.221270 0.901434 0.057460 0.082437
0 0.253024 0.779570 0.052419 0.200717
0 0.301411 0.793011 0.058468 0.173835
0 0.287298 0.904122 0.052419 0.055556
0 0.354839 0.684588 0.064516 0.247312
0 0.360887 0.870072 0.056452 0.123656
0 0.411794 0.783154 0.063508 0.182796
0 0.414819 0.904122 0.051411 0.141577
0 0.479839 0.685484 0.104839 0.320789
0 0.579133 0.808244 0.085685 0.247312
0 0.660282 0.847670 0.064516 0.139785
0 0.707661 0.668459 0.066532 0.279570
0 0.808468 0.638889 0.074597 0.234767
0 0.766633 0.816308 0.049395 0.216846
0 0.898185 0.615591 0.074597 0.249104
0 0.931956 0.488351 0.095766 0.274194