0 0.117440 0.273297 0.053427 0.155914
0 0.154738 0.247312 0.031250 0.139785
0 0.192540 0.238351 0.048387 0.193548
0 0.245464 0.215054 0.051411 0.161290
0 0.294355 0.255376 0.060484 0.216846
0 0.356855 0.176523 0.080645 0.213262
0 0.465726 0.159498 0.042339 0.197133
0 0.515121 0.137993 0.056452 0.222222
0 0.593246 0.167563 0.069556 0.220430
0 0.662298 0.151434 0.060484 0.234767
0 0.728327 0.113799 0.057460 0.213262
0 0.120968 0.538530 0.100806 0.087814
0 0.095262 0.774194 0.055444 0.157706
0 0.133065 0.854839 0.044355 0.125448
0 0.177923 0.781362 0.049395 0.175627
0 0.225806 0.890681 0.062500 0.082437
0 0.284778 0.778674 0.055444 0.170251
0 0.389617 0.660394 0.075605 0.249104
0 0.485383 0.690860 0.077621 0.206093
0 0.463206 0.842294 0.059476 0.136201
0 0.529738 0.791219 0.067540 0.177419
0 0.662298 0.764337 0.104839 0.177419
0 0.577117 0.889785 0.065524 0.137993
0 0.622984 0.869176 0.048387 0.139785
0 0.785282 0.788530 0.066532 0.200717