0 0.113911 0.262545 0.050403 0.152330
0 0.153226 0.248208 0.052419 0.163082
0 0.190524 0.233871 0.056452 0.202509
0 0.229335 0.171147 0.069556 0.120072
0 0.248488 0.282258 0.043347 0.112903
0 0.309476 0.232079 0.066532 0.249104
0 0.359375 0.198925 0.033266 0.168459
0 0.467742 0.145161 0.048387 0.200717
0 0.523690 0.168459 0.053427 0.229391
0 0.591230 0.160394 0.067540 0.234767
0 0.661794 0.166667 0.075605 0.211470
0 0.723286 0.137097 0.081653 0.234767
0 0.119456 0.523297 0.085685 0.086022
0 0.382056 0.661290 0.096774 0.240143
0 0.090222 0.782258 0.055444 0.141577
0 0.171875 0.787634 0.041331 0.184588
0 0.228327 0.913082 0.063508 0.080645
0 0.230343 0.789427 0.043347 0.152330
0 0.281754 0.788530 0.061492 0.186380
0 0.467238 0.672939 0.067540 0.238351
0 0.396673 0.827957 0.059476 0.157706
0 0.527722 0.775986 0.065524 0.218638
0 0.338710 0.851254 0.046371 0.139785
0 0.655242 0.757168 0.088710 0.191756
0 0.630040 0.854839 0.056452 0.154122
0 0.571069 0.861111 0.055444 0.198925
0 0.794859 0.850358 0.055444 0.184588