0 0.109375 0.260753 0.035282 0.155914
0 0.153730 0.255376 0.041331 0.159498
0 0.191532 0.240143 0.044355 0.193548
0 0.236895 0.225806 0.054435 0.200717
0 0.288810 0.252688 0.071573 0.200717
0 0.362399 0.173835 0.055444 0.200717
0 0.423891 0.122760 0.063508 0.159498
0 0.467742 0.181004 0.052419 0.164875
0 0.517137 0.182796 0.060484 0.247312
0 0.591230 0.163082 0.075605 0.218638
0 0.654738 0.152330 0.077621 0.218638
0 0.731855 0.114695 0.042339 0.229390
0 0.117944 0.532258 0.104839 0.057348
0 0.093750 0.778674 0.048387 0.173835
0 0.135585 0.848566 0.039315 0.130824
0 0.177419 0.793907 0.042339 0.161290
0 0.220766 0.802867 0.068548 0.197133
0 0.311996 0.704301 0.071573 0.204301
0 0.387601 0.639785 0.071573 0.250896
0 0.482359 0.679211 0.065524 0.250896
0 0.659778 0.759857 0.085685 0.164875
0 0.797379 0.840502 0.048387 0.179211
0 0.269657 0.816308 0.051411 0.188172
0 0.326613 0.878136 0.042339 0.071685
0 0.293851 0.931900 0.047379 0.093190
0 0.403226 0.831541 0.064516 0.143369
0 0.447077 0.815412 0.083669 0.143369
0 0.483367 0.896057 0.051411 0.107527
0 0.527218 0.788530 0.074597 0.218638
0 0.607863 0.844982 0.048387 0.163082
0 0.676915 0.878136 0.065524 0.107527