0 0.108871 0.274194 0.066532 0.139785
0 0.150202 0.236559 0.040323 0.157706
0 0.188004 0.233871 0.043347 0.177419
0 0.249496 0.267025 0.057460 0.111111
0 0.283266 0.244624 0.056452 0.227599
0 0.369456 0.162186 0.051411 0.224014
0 0.320565 0.215054 0.054435 0.215054
0 0.460181 0.239247 0.069556 0.084229
0 0.514617 0.163082 0.081653 0.211470
0 0.583165 0.149642 0.087702 0.195341
0 0.651210 0.154122 0.072581 0.211470
0 0.729839 0.149642 0.090726 0.234767
0 0.772681 0.757168 0.073589 0.274194
0 0.654738 0.756272 0.071573 0.186380
0 0.685484 0.892473 0.056452 0.114695
0 0.480847 0.660394 0.068548 0.259857
0 0.531754 0.805556 0.059476 0.216846
0 0.574597 0.883513 0.042339 0.143369
0 0.612903 0.823477 0.054435 0.216846
0 0.394657 0.680108 0.065524 0.335125
0 0.322581 0.681900 0.060484 0.213262
0 0.135081 0.808244 0.050403 0.143369
0 0.183468 0.819892 0.056452 0.206093
0 0.276714 0.803763 0.055444 0.177419
0 0.223790 0.822581 0.068548 0.236559
0 0.339214 0.839606 0.051411 0.141577