0 0.111895 0.261649 0.046371 0.197133
0 0.147177 0.250000 0.050403 0.155914
0 0.186996 0.226703 0.053427 0.170251
0 0.239919 0.196237 0.068548 0.155914
0 0.295867 0.234767 0.049395 0.236559
0 0.364919 0.148746 0.076613 0.204301
0 0.466230 0.117384 0.049395 0.098566
0 0.522177 0.164875 0.074597 0.197133
0 0.592742 0.152330 0.060484 0.236559
0 0.661794 0.154122 0.089718 0.229391
0 0.093750 0.774194 0.068548 0.157706
0 0.127520 0.811828 0.051411 0.182796
0 0.178427 0.801075 0.046371 0.179211
0 0.221270 0.828853 0.065524 0.249104
0 0.325605 0.680108 0.094758 0.299283
0 0.383569 0.723118 0.071573 0.313620
0 0.471774 0.678315 0.074597 0.227599
0 0.450101 0.826165 0.067540 0.204301
0 0.521673 0.799283 0.067540 0.204301
0 0.574093 0.868280 0.051411 0.148746
0 0.640625 0.806452 0.083669 0.222222
0 0.683468 0.873656 0.048387 0.152330
0 0.743448 0.753584 0.059476 0.299283
0 0.785786 0.798387 0.043347 0.206093
0 0.854335 0.797491 0.049395 0.200717