0 0.102823 0.250000 0.046371 0.170251
0 0.142137 0.240143 0.042339 0.150538
0 0.180948 0.241935 0.045363 0.197133
0 0.230847 0.222222 0.050403 0.143369
0 0.296875 0.206989 0.079637 0.238351
0 0.375000 0.164875 0.080645 0.232975
0 0.511089 0.164875 0.066532 0.179211
0 0.457661 0.140681 0.056452 0.123656
0 0.592238 0.154122 0.107863 0.225806
0 0.656754 0.154122 0.109879 0.232975
0 0.381552 0.731183 0.063508 0.275986
0 0.161794 0.831541 0.067540 0.193548
0 0.226815 0.801971 0.054435 0.181004
0 0.283770 0.820789 0.057460 0.186380
0 0.324597 0.694444 0.122984 0.173835
0 0.482359 0.683692 0.057460 0.252688
0 0.455645 0.819892 0.056452 0.181004
0 0.524194 0.798387 0.070565 0.198925
0 0.579637 0.846774 0.056452 0.155914
0 0.617944 0.847670 0.058468 0.168459
0 0.670867 0.853943 0.079637 0.184588
0 0.714718 0.821685 0.110887 0.241935
0 0.782762 0.827061 0.049395 0.202509
0 0.855343 0.810932 0.055444 0.188172