0 0.146673 0.241935 0.037298 0.146953
0 0.200605 0.208781 0.072581 0.112903
0 0.257056 0.177419 0.058468 0.086022
0 0.462198 0.139785 0.093750 0.186380
0 0.577621 0.155018 0.048387 0.184588
0 0.620968 0.148746 0.044355 0.161290
0 0.776714 0.163978 0.061492 0.227599
0 0.090222 0.775090 0.065524 0.159498
0 0.147681 0.836022 0.063508 0.188172
0 0.238407 0.874552 0.057460 0.172043
0 0.309476 0.876344 0.054435 0.157706
0 0.372984 0.863799 0.050403 0.157706
0 0.543347 0.681900 0.088710 0.241935
0 0.515625 0.810036 0.097782 0.222222
0 0.652722 0.749104 0.063508 0.283154
0 0.705645 0.759857 0.052419 0.215054
0 0.780242 0.779570 0.052419 0.290323
0 0.842742 0.793907 0.056452 0.207885