0 0.082661 0.773297 0.054435 0.166667
0 0.136593 0.829749 0.057460 0.218638
0 0.538810 0.672939 0.069556 0.256272
0 0.521169 0.813620 0.082661 0.207885
0 0.648690 0.759857 0.047379 0.290323
0 0.716734 0.761649 0.078629 0.215054
0 0.776210 0.782258 0.066532 0.252688
0 0.892641 0.732975 0.055444 0.254480
0 0.846774 0.814516 0.036290 0.166667
0 0.307964 0.881720 0.051411 0.175627
0 0.369456 0.876344 0.055444 0.164875
0 0.446069 0.858423 0.095766 0.197133
0 0.565524 0.156810 0.070565 0.181004
0 0.613911 0.147849 0.046371 0.155914
0 0.693548 0.142473 0.070565 0.284946
0 0.781250 0.156810 0.066532 0.206093