1 0.517137 0.471326 0.088710 0.082437
5 0.445565 0.477599 0.086694 0.145161
1 0.503528 0.646953 0.073589 0.143369
5 0.678931 0.397849 0.079637 0.129032
0 0.741935 0.448925 0.052419 0.195341
0 0.703629 0.587814 0.114919 0.057348
0 0.722782 0.680108 0.048387 0.177419
0 0.799395 0.493728 0.038306 0.080645
3 0.634073 0.736559 0.082661 0.118280
5 0.890121 0.876344 0.070565 0.121864
5 0.551915 0.867384 0.041331 0.186380
1 0.447077 0.784946 0.063508 0.136201
5 0.299899 0.404122 0.087702 0.091398
0 0.251512 0.526882 0.119960 0.078853
0 0.271673 0.568100 0.136089 0.046595
0 0.264113 0.627240 0.112903 0.071685
0 0.240927 0.675627 0.106855 0.075269
0 0.181956 0.727599 0.067540 0.150538
4 0.191028 0.893369 0.063508 0.145161