0 0.190020 0.459677 0.037298 0.198925
0 0.243952 0.522401 0.102823 0.069892
0 0.255544 0.576165 0.121976 0.055556
0 0.269153 0.637097 0.118952 0.066308
0 0.199093 0.727599 0.043347 0.157706
5 0.693044 0.395161 0.065524 0.152330
0 0.743448 0.443548 0.057460 0.191756
0 0.691028 0.582437 0.113911 0.078853
0 0.720766 0.677419 0.058468 0.150538
5 0.628024 0.729391 0.090726 0.082437
5 0.563004 0.526882 0.093750 0.136201
5 0.620464 0.595878 0.045363 0.155914
5 0.295867 0.405018 0.105847 0.089606
1 0.444052 0.630824 0.099798 0.082437
1 0.491431 0.787634 0.067540 0.159498
5 0.910282 0.776882 0.054435 0.127240
5 0.724294 0.948925 0.093750 0.077061
4 0.554435 0.325269 0.050403 0.155914