5 0.380544 0.280466 0.111895 0.098566
5 0.665827 0.439964 0.087702 0.094982
4 0.144657 0.932796 0.051411 0.112903
5 0.531250 0.931900 0.090726 0.121864
0 0.244456 0.512545 0.115927 0.053763
0 0.246976 0.569892 0.122984 0.086022
0 0.243952 0.689068 0.078629 0.148746
0 0.223286 0.730287 0.043347 0.163082
0 0.187500 0.744624 0.028226 0.198925
1 0.500000 0.524194 0.072581 0.141577
1 0.446573 0.571685 0.066532 0.093190
1 0.420867 0.788530 0.115927 0.075269
5 0.417843 0.904122 0.107863 0.105735
5 0.673387 0.887097 0.092742 0.071685
4 0.845262 0.801075 0.085685 0.129032
0 0.719758 0.692652 0.074597 0.177419
0 0.763105 0.706989 0.052419 0.177419
0 0.736895 0.481183 0.044355 0.184588
0 0.697581 0.581541 0.118952 0.098566