0 0.736895 0.471326 0.050403 0.175627
0 0.694556 0.581541 0.100806 0.044803
0 0.722782 0.677419 0.054435 0.193548
0 0.755544 0.717742 0.041331 0.195341
5 0.689516 0.396057 0.060484 0.121864
5 0.553427 0.244624 0.054435 0.198925
1 0.519153 0.476703 0.104839 0.093190
1 0.507056 0.805556 0.104839 0.105735
1 0.500504 0.872760 0.089718 0.136201
0 0.247984 0.527778 0.102823 0.077061
0 0.256048 0.573477 0.102823 0.071685
0 0.218246 0.710573 0.047379 0.137993
5 0.322077 0.640681 0.063508 0.198925
5 0.267137 0.396057 0.098790 0.100358
1 0.469254 0.610215 0.059476 0.130824