0 0.231351 0.445341 0.105847 0.087814
0 0.243952 0.517921 0.145161 0.093190
0 0.265121 0.569892 0.139113 0.075269
0 0.256048 0.650538 0.125000 0.100358
0 0.164819 0.710573 0.051411 0.137993
5 0.218750 0.838710 0.104839 0.075269
5 0.253528 0.230287 0.065524 0.141577
1 0.505040 0.483871 0.106855 0.093190
1 0.490423 0.668459 0.049395 0.154122
5 0.509577 0.309140 0.105847 0.109319
0 0.721774 0.529570 0.068548 0.188172
0 0.722278 0.670251 0.081653 0.150538
5 0.775202 0.819892 0.058468 0.173835
0 0.779738 0.442652 0.075605 0.143369
5 0.561492 0.241935 0.052419 0.164875
1 0.498992 0.793907 0.090726 0.103943
1 0.427923 0.877240 0.093750 0.094982
1 0.516633 0.893369 0.101815 0.069892
5 0.349294 0.755376 0.075605 0.137993
5 0.674395 0.911290 0.114919 0.077061