0 0.155746 0.474014 0.035282 0.152330
0 0.228831 0.480287 0.131048 0.139785
0 0.264113 0.596774 0.104839 0.071685
0 0.254032 0.667563 0.092742 0.112903
0 0.190020 0.719534 0.067540 0.127240
5 0.318044 0.726703 0.119960 0.134409
5 0.639617 0.466846 0.075605 0.137993
0 0.699093 0.534050 0.085685 0.111111
0 0.718750 0.698925 0.048387 0.175627
0 0.747480 0.715950 0.037298 0.173835
0 0.746472 0.430108 0.061492 0.150538
0 0.801411 0.482975 0.066532 0.077061
4 0.832157 0.792115 0.049395 0.182796
5 0.945565 0.785842 0.068548 0.066308
5 0.930948 0.873656 0.063508 0.084229
5 0.386089 0.879032 0.116935 0.066308