0 0.240423 0.464158 0.117944 0.107527
0 0.272681 0.563620 0.095766 0.084229
0 0.250504 0.635305 0.107863 0.109319
0 0.236895 0.736559 0.076613 0.132616
0 0.171875 0.730287 0.049395 0.137993
1 0.455645 0.440860 0.070565 0.125448
1 0.512097 0.594086 0.086694 0.102151
1 0.463710 0.691756 0.076613 0.121864
1 0.502520 0.785842 0.089718 0.109319
1 0.493448 0.956989 0.087702 0.075269
5 0.363407 0.870968 0.061492 0.186380
5 0.679940 0.427419 0.051411 0.195341
5 0.654738 0.232975 0.083669 0.082437
5 0.795867 0.370968 0.053427 0.182796
0 0.713206 0.684588 0.079637 0.139785
4 0.850806 0.779570 0.060484 0.107527
5 0.724798 0.905018 0.084677 0.136201
5 0.746472 0.448925 0.085685 0.155914
0 0.245968 0.280466 0.044355 0.145161