5 0.247984 0.235663 0.076613 0.152330
5 0.198085 0.424731 0.053427 0.125448
0 0.230343 0.498208 0.111895 0.111111
0 0.259073 0.605735 0.098790 0.107527
0 0.232863 0.667563 0.076613 0.091398
0 0.183468 0.741039 0.054435 0.191756
1 0.496472 0.450717 0.101815 0.098566
1 0.496472 0.593190 0.099798 0.107527
1 0.499496 0.798387 0.093750 0.094982
1 0.447581 0.694444 0.086694 0.077061
1 0.497984 0.965054 0.092742 0.069892
5 0.714214 0.222222 0.065524 0.139785
0 0.798387 0.457885 0.044355 0.137993
0 0.691028 0.592294 0.121976 0.062724
0 0.718246 0.690860 0.095766 0.123656
4 0.846774 0.775986 0.060484 0.114695
0 0.774698 0.854839 0.089718 0.093190
5 0.840726 0.376344 0.074597 0.114695