5 0.392137 0.138889 0.110887 0.123656
5 0.200605 0.434588 0.056452 0.152330
0 0.254032 0.609319 0.076613 0.146953
5 0.319052 0.710573 0.059476 0.170251
1 0.491431 0.451613 0.067540 0.100358
1 0.442540 0.543907 0.114919 0.062724
1 0.495464 0.793011 0.101815 0.087814
1 0.484879 0.952509 0.078629 0.073477
5 0.832661 0.238351 0.064516 0.193548
0 0.792843 0.451613 0.053427 0.150538
0 0.680444 0.560932 0.118952 0.086022
0 0.721774 0.649642 0.112903 0.087814
4 0.844254 0.783154 0.073589 0.114695
5 0.716734 0.227599 0.074597 0.139785
1 0.437500 0.705197 0.086694 0.080645