0 0.699597 0.523297 0.108871 0.118280
0 0.792339 0.474014 0.044355 0.123656
5 0.714214 0.385305 0.047379 0.175627
5 0.717238 0.231183 0.061492 0.150538
5 0.648185 0.238351 0.066532 0.164875
0 0.735383 0.678315 0.061492 0.166667
0 0.779738 0.737455 0.043347 0.188172
4 0.853831 0.776882 0.068548 0.094982
5 0.472278 0.165771 0.083669 0.155914
1 0.500000 0.528674 0.072581 0.136201
1 0.506048 0.629928 0.106855 0.084229
1 0.493952 0.711470 0.116935 0.071685
1 0.457661 0.931900 0.062500 0.118280
1 0.178931 0.490143 0.089718 0.109319
1 0.251008 0.548387 0.127016 0.064516
1 0.252016 0.606631 0.096774 0.059140
1 0.259073 0.657706 0.104839 0.089606
1 0.214718 0.725806 0.050403 0.172043