0 0.155242 0.491039 0.034274 0.157706
0 0.197581 0.474014 0.044355 0.145161
0 0.234879 0.503584 0.094758 0.086022
0 0.252520 0.557348 0.113911 0.093190
0 0.259073 0.603943 0.135081 0.078853
0 0.173387 0.737455 0.036290 0.166667
0 0.190020 0.740143 0.043347 0.164875
0 0.230343 0.739247 0.075605 0.163082
5 0.714214 0.371864 0.055444 0.166667
0 0.793851 0.475806 0.065524 0.112903
0 0.735383 0.672043 0.053427 0.164875
1 0.506552 0.515233 0.075605 0.120072
1 0.512601 0.626344 0.101815 0.062724
1 0.488407 0.705197 0.077621 0.102151
1 0.509073 0.804659 0.082661 0.121864
1 0.456149 0.937276 0.057460 0.111111
4 0.851815 0.793011 0.078629 0.123656
5 0.284778 0.343190 0.087702 0.112903
5 0.530746 0.913978 0.095766 0.089606