5 0.719254 0.235663 0.059476 0.130824
0 0.158770 0.483871 0.037298 0.150538
0 0.246472 0.484767 0.077621 0.112903
0 0.262097 0.601254 0.131048 0.055556
0 0.230847 0.706989 0.066532 0.170251
1 0.537298 0.533154 0.096774 0.127240
1 0.453125 0.474014 0.099798 0.062724
1 0.514617 0.643369 0.083669 0.082437
1 0.493952 0.738351 0.110887 0.057348
1 0.494456 0.922939 0.073589 0.103943
0 0.751512 0.433692 0.065524 0.179211
0 0.709677 0.519713 0.104839 0.057348
0 0.691028 0.599462 0.130040 0.044803
0 0.725302 0.701613 0.059476 0.173835
0 0.756048 0.724014 0.056452 0.172043