0 0.739919 0.431004 0.052419 0.177419
0 0.706149 0.527778 0.085685 0.137993
0 0.719254 0.688172 0.085685 0.179211
0 0.835181 0.759857 0.053427 0.182796
5 0.552923 0.389785 0.113911 0.109319
4 0.761089 0.847670 0.086694 0.107527
4 0.879032 0.884409 0.072581 0.102151
1 0.507056 0.774194 0.100806 0.100358
1 0.516633 0.656810 0.099798 0.091398
1 0.442036 0.469534 0.103831 0.057348
1 0.485383 0.520609 0.077621 0.120072
0 0.157762 0.474910 0.041331 0.146953
0 0.200101 0.467742 0.047379 0.179211
0 0.241935 0.480287 0.070565 0.175627
0 0.276714 0.613799 0.115927 0.098566
0 0.239919 0.706989 0.068548 0.145161
0 0.203629 0.732079 0.042339 0.163082
5 0.544355 0.913978 0.092742 0.107527