0 0.233367 0.525090 0.105847 0.150538
0 0.240423 0.660394 0.087702 0.073477
0 0.226815 0.758065 0.086694 0.146953
0 0.190524 0.742832 0.072581 0.206093
5 0.857863 0.305556 0.074597 0.105735
0 0.701109 0.550179 0.085685 0.146953
6 0.393145 0.144265 0.086694 0.087814
6 0.737399 0.883513 0.069556 0.096774
6 0.688508 0.941756 0.066532 0.109319
6 0.821573 0.870072 0.046371 0.141577
1 0.514113 0.812724 0.137097 0.069892
1 0.506048 0.715054 0.094758 0.107527
1 0.480343 0.474014 0.067540 0.098566
1 0.497480 0.611111 0.089718 0.125448