0 0.240423 0.683692 0.093750 0.094982
0 0.177419 0.739247 0.062500 0.166667
0 0.235383 0.517025 0.077621 0.202509
1 0.457661 0.793907 0.092742 0.136201
1 0.476310 0.524194 0.073589 0.173835
0 0.732863 0.429211 0.050403 0.173835
0 0.701613 0.647849 0.106855 0.084229
0 0.759073 0.686380 0.086694 0.107527
6 0.798891 0.326165 0.055444 0.179211
6 0.821573 0.879928 0.052419 0.107527
6 0.556452 0.919355 0.060484 0.132616
6 0.870968 0.178315 0.058468 0.137993
6 0.364919 0.851254 0.094758 0.132616
6 0.402722 0.120072 0.105847 0.071685