0 0.237399 0.509857 0.097782 0.173835
4 0.396169 0.119176 0.108871 0.062724
1 0.482359 0.497312 0.063508 0.163082
1 0.439012 0.621864 0.097782 0.118280
0 0.239919 0.679211 0.108871 0.075269
0 0.170363 0.736559 0.062500 0.172043
1 0.449093 0.746416 0.095766 0.069892
1 0.481855 0.856631 0.044355 0.168459
6 0.360887 0.867384 0.090726 0.114695
0 0.772177 0.411290 0.050403 0.202509
0 0.753024 0.692652 0.092742 0.123656
6 0.822581 0.876344 0.044355 0.096774
6 0.799395 0.940860 0.044355 0.111111
6 0.873992 0.195341 0.050403 0.114695