0 0.203125 0.717742 0.043347 0.137993
0 0.239415 0.706989 0.065524 0.141577
0 0.158770 0.491935 0.039315 0.141577
0 0.744456 0.446237 0.045363 0.186380
0 0.701613 0.523297 0.096774 0.086022
0 0.688004 0.595878 0.132056 0.066308
0 0.726310 0.706093 0.063508 0.218638
0 0.805444 0.488351 0.056452 0.094982
1 0.453629 0.466846 0.092742 0.084229
1 0.510081 0.649642 0.127016 0.084229
1 0.459173 0.705197 0.065524 0.077061
1 0.508569 0.758961 0.095766 0.091398
1 0.505544 0.839606 0.105847 0.077061
1 0.458669 0.923835 0.066532 0.130824
4 0.766633 0.856631 0.079637 0.125448
5 0.683972 0.057348 0.111895 0.096774
5 0.288306 0.371864 0.102823 0.091398