6 0.381552 0.186380 0.047379 0.125448
6 0.520161 0.174731 0.078629 0.173835
5 0.717742 0.128136 0.046371 0.177419
5 0.817540 0.174731 0.076613 0.134409
6 0.863407 0.275986 0.083669 0.103943
6 0.766129 0.320789 0.112903 0.107527
0 0.726815 0.426523 0.078629 0.179211
0 0.802419 0.466846 0.062500 0.155914
0 0.707157 0.580645 0.107863 0.114695
0 0.259073 0.579749 0.114919 0.073477
0 0.243952 0.675627 0.108871 0.089606
0 0.181956 0.715054 0.053427 0.157706
1 0.457157 0.472222 0.087702 0.098566
1 0.455141 0.548387 0.083669 0.093190
1 0.493952 0.609319 0.096774 0.078853
1 0.492440 0.688172 0.115927 0.093190
1 0.498992 0.809140 0.080645 0.145161
6 0.122984 0.838710 0.054435 0.100358
6 0.224294 0.901434 0.073589 0.121864
6 0.359879 0.850358 0.096774 0.073477
6 0.961694 0.216846 0.062500 0.093190