0 0.201109 0.458781 0.039315 0.182796
0 0.151210 0.495520 0.058468 0.127240
0 0.254536 0.672939 0.111895 0.098566
0 0.178931 0.722222 0.057460 0.136201
6 0.116935 0.838710 0.052419 0.111111
6 0.355343 0.854839 0.113911 0.118280
6 0.178931 0.907706 0.057460 0.116487
6 0.526714 0.161290 0.105847 0.107527
6 0.388609 0.186380 0.061492 0.118280
1 0.446069 0.529570 0.099798 0.109319
1 0.486391 0.616487 0.093750 0.075269
1 0.494960 0.684588 0.108871 0.068100
1 0.510081 0.777778 0.098790 0.093190
6 0.600302 0.900538 0.063508 0.166667
5 0.721774 0.143369 0.054435 0.146953
5 0.817036 0.163978 0.075605 0.116487
0 0.723286 0.458781 0.057460 0.197133
0 0.794859 0.449821 0.055444 0.150538
6 0.716230 0.874552 0.083669 0.089606