6 0.390625 0.193548 0.071573 0.121864
1 0.473790 0.456989 0.086694 0.100358
1 0.466734 0.551971 0.092742 0.075269
1 0.452621 0.638889 0.096774 0.084229
1 0.513105 0.758961 0.100806 0.073477
1 0.491935 0.836918 0.080645 0.068100
1 0.461190 0.903226 0.093750 0.064516
6 0.239415 0.705197 0.065524 0.102151
6 0.119456 0.840502 0.059476 0.100358
6 0.197077 0.869176 0.071573 0.078853
5 0.612399 0.408602 0.063508 0.179211
6 0.139617 0.948925 0.071573 0.073477
0 0.690524 0.562724 0.114919 0.068100
0 0.701109 0.647849 0.123992 0.087814
5 0.917843 0.258961 0.049395 0.105735
6 0.825605 0.949821 0.050403 0.100358
5 0.926915 0.847670 0.073589 0.078853
5 0.888609 0.937276 0.055444 0.100358