6 0.159778 0.218638 0.055444 0.114695
6 0.382560 0.190860 0.067540 0.127240
1 0.479839 0.431900 0.050403 0.146953
1 0.439516 0.557348 0.096774 0.071685
1 0.523690 0.547491 0.083669 0.091398
1 0.474798 0.779570 0.056452 0.111111
0 0.197077 0.726703 0.077621 0.141577
0 0.168347 0.948925 0.078629 0.073477
0 0.710181 0.530466 0.113911 0.086022
0 0.717742 0.659498 0.133065 0.096774
5 0.817540 0.174731 0.088710 0.148746
0 0.973286 0.229391 0.051411 0.107527
5 0.886089 0.936380 0.052419 0.120072
6 0.598286 0.944444 0.067540 0.100358
1 0.448085 0.643369 0.079637 0.121864
6 0.820565 0.936380 0.070565 0.127240