4 0.140625 0.150538 0.053427 0.096774
6 0.384577 0.185484 0.073589 0.112903
6 0.739919 0.047491 0.104839 0.073477
6 0.730343 0.287634 0.089718 0.170251
0 0.714214 0.482975 0.134073 0.091398
0 0.178931 0.502688 0.097782 0.087814
0 0.198589 0.741935 0.064516 0.154122
6 0.168851 0.953405 0.079637 0.086022
0 0.681452 0.589606 0.100806 0.111111
0 0.707661 0.655018 0.104839 0.134409
6 0.745968 0.760753 0.098790 0.155914
5 0.884577 0.939964 0.059476 0.109319
6 0.599294 0.931900 0.059476 0.132616
1 0.446573 0.529570 0.076613 0.130824
1 0.470262 0.770609 0.059476 0.086022
1 0.449597 0.628136 0.110887 0.066308
6 0.851310 0.271505 0.071573 0.105735