6 0.191532 0.196237 0.068548 0.120072
6 0.369960 0.144265 0.086694 0.116487
6 0.881552 0.289427 0.055444 0.102151
6 0.717238 0.366487 0.065524 0.112903
6 0.705645 0.449821 0.100806 0.071685
6 0.254032 0.439068 0.072581 0.129032
6 0.125000 0.244624 0.052419 0.105735
0 0.179435 0.465054 0.060484 0.159498
0 0.788810 0.457885 0.061492 0.137993
0 0.697077 0.537634 0.115927 0.060932
0 0.707157 0.620072 0.091734 0.157706
0 0.773690 0.712366 0.059476 0.184588
5 0.815524 0.882616 0.084677 0.091398
5 0.895665 0.186380 0.055444 0.078853
5 0.935988 0.890681 0.045363 0.139785
1 0.427923 0.572581 0.097782 0.073477
1 0.496976 0.550179 0.092742 0.075269
1 0.431956 0.812724 0.109879 0.116487
1 0.500504 0.653226 0.117944 0.077061
6 0.658770 0.044803 0.089718 0.071685
0 0.238407 0.682796 0.099798 0.082437