6 0.707157 0.345878 0.087702 0.096774
6 0.383569 0.126344 0.121976 0.102151
0 0.230343 0.514337 0.079637 0.172043
0 0.253528 0.668459 0.123992 0.071685
1 0.440020 0.500896 0.097782 0.134409
1 0.493952 0.545699 0.090726 0.073477
1 0.742944 0.673835 0.002016 0.000000
1 0.496976 0.646953 0.104839 0.082437
1 0.477319 0.744624 0.039315 0.112903
1 0.472782 0.887097 0.056452 0.146953
0 0.790323 0.450717 0.062500 0.148746
0 0.700101 0.542115 0.119960 0.066308
0 0.703125 0.630824 0.087702 0.150538
0 0.774194 0.706989 0.064516 0.166667
6 0.885585 0.301075 0.055444 0.100358
5 0.817540 0.876344 0.094758 0.107527
4 0.120968 0.235663 0.090726 0.116487
6 0.214718 0.163082 0.110887 0.078853
5 0.895161 0.188172 0.058468 0.057348
6 0.574093 0.954301 0.061492 0.080645
6 0.640625 0.103047 0.107863 0.102151