4 0.108871 0.221326 0.080645 0.094982
0 0.225302 0.486559 0.063508 0.188172
1 0.508065 0.462366 0.084677 0.089606
1 0.506552 0.577957 0.073589 0.130824
1 0.479839 0.758065 0.054435 0.143369
6 0.887601 0.287634 0.047379 0.120072
6 0.380040 0.120072 0.088710 0.111111
6 0.724798 0.373656 0.090726 0.116487
0 0.700605 0.531362 0.106855 0.098566
0 0.703125 0.620968 0.085685 0.137993
0 0.771673 0.706093 0.059476 0.157706
5 0.808972 0.882616 0.071573 0.091398
5 0.827117 0.951613 0.071573 0.086022
5 0.983871 0.764337 0.032258 0.145161
5 0.896169 0.191756 0.072581 0.086022
6 0.572581 0.933692 0.062500 0.129032
1 0.436996 0.822581 0.083669 0.093190
1 0.435484 0.950717 0.094758 0.073477
1 0.660282 0.027778 0.072581 0.055556