0 0.220766 0.718638 0.086694 0.121864
6 0.598790 0.306452 0.106855 0.136201
6 0.722782 0.373656 0.082661 0.109319
5 0.896169 0.189068 0.056452 0.077061
0 0.701109 0.595878 0.099798 0.116487
0 0.798387 0.693548 0.050403 0.129032
6 0.717238 0.116487 0.087702 0.075269
5 0.816028 0.887993 0.073589 0.109319
6 0.578125 0.946237 0.049395 0.093190
1 0.506552 0.573477 0.055444 0.111111
1 0.480343 0.735663 0.063508 0.098566
1 0.509577 0.865591 0.087702 0.075269
6 0.777218 0.282258 0.092742 0.105735
0 0.796371 0.456093 0.040323 0.145161
6 0.883065 0.298387 0.042339 0.080645