6 0.373488 0.122760 0.079637 0.109319
4 0.116935 0.208781 0.084677 0.084229
0 0.248488 0.660394 0.113911 0.069892
0 0.205141 0.727599 0.081653 0.125448
1 0.439516 0.488351 0.078629 0.109319
1 0.499496 0.643369 0.089718 0.089606
1 0.506552 0.865591 0.095766 0.129032
1 0.436492 0.955197 0.098790 0.078853
6 0.731351 0.163978 0.089718 0.073477
6 0.632056 0.255376 0.090726 0.073477
6 0.713710 0.377240 0.058468 0.130824
6 0.616935 0.624552 0.060484 0.209677
0 0.699093 0.600358 0.105847 0.118280
0 0.790323 0.465054 0.072581 0.127240
6 0.909274 0.414875 0.054435 0.069892
6 0.873488 0.303763 0.051411 0.066308
0 0.799395 0.689964 0.054435 0.118280
5 0.817036 0.884409 0.063508 0.087814
5 0.982863 0.759857 0.034274 0.096774
6 0.572581 0.936380 0.046371 0.109319