0 0.232863 0.700717 0.108871 0.068100
0 0.196573 0.728495 0.062500 0.087814
6 0.109375 0.210573 0.067540 0.087814
6 0.433468 0.305556 0.106855 0.091398
6 0.484375 0.237455 0.023185 0.163082
6 0.528226 0.252688 0.052419 0.164875
6 0.558468 0.362007 0.106855 0.075269
6 0.505040 0.398746 0.052419 0.173835
6 0.450605 0.463262 0.054435 0.184588
1 0.503528 0.644265 0.083669 0.127240
1 0.468246 0.784946 0.053427 0.143369
1 0.431452 0.952509 0.106855 0.073477
6 0.792843 0.270609 0.059476 0.157706
6 0.715222 0.373656 0.055444 0.094982
0 0.796371 0.470430 0.076613 0.123656
0 0.696069 0.587814 0.109879 0.111111
0 0.712702 0.698029 0.092742 0.105735
6 0.882560 0.304659 0.033266 0.100358
6 0.669859 0.211470 0.085685 0.146953
5 0.814516 0.890681 0.060484 0.103943
5 0.982863 0.767025 0.032258 0.129032
6 0.582661 0.942652 0.052419 0.107527