6 0.401714 0.251792 0.081653 0.116487
6 0.464214 0.205197 0.043347 0.213262
6 0.528226 0.241039 0.072581 0.134409
6 0.555444 0.350358 0.100806 0.102151
6 0.454637 0.372760 0.078629 0.093190
6 0.118952 0.213262 0.094758 0.100358
6 0.670363 0.210573 0.060484 0.109319
6 0.791331 0.267921 0.056452 0.148746
6 0.710685 0.375448 0.062500 0.109319
5 0.894153 0.196237 0.056452 0.073477
6 0.883569 0.305556 0.035282 0.123656
0 0.802923 0.448029 0.055444 0.100358
0 0.699597 0.595878 0.096774 0.098566
0 0.725806 0.689068 0.092742 0.116487
0 0.264113 0.625448 0.127016 0.071685
0 0.231351 0.690860 0.099798 0.087814
0 0.200605 0.721326 0.072581 0.127240
6 0.580141 0.937276 0.039315 0.121864
1 0.496976 0.657706 0.076613 0.118280
1 0.407762 0.780466 0.083669 0.080645
1 0.469254 0.808244 0.049395 0.114695
5 0.814012 0.879032 0.065524 0.094982
5 0.955645 0.206989 0.036290 0.059140