6 0.115927 0.374552 0.050403 0.161290
6 0.319556 0.135305 0.104839 0.062724
1 0.458165 0.420251 0.081653 0.091398
1 0.451613 0.499104 0.096774 0.077061
0 0.263105 0.642473 0.116935 0.055556
0 0.205141 0.738351 0.075605 0.146953
6 0.177419 0.921147 0.058468 0.107527
6 0.346270 0.778674 0.081653 0.116487
1 0.504536 0.583333 0.067540 0.148746
1 0.427419 0.726703 0.076613 0.137993
1 0.520161 0.844982 0.076613 0.123656
6 0.504536 0.100358 0.057460 0.143369
6 0.688508 0.331541 0.038306 0.182796
0 0.716230 0.460573 0.057460 0.146953
0 0.717742 0.688172 0.108871 0.100358
6 0.711190 0.914875 0.067540 0.116487
6 0.869456 0.232975 0.053427 0.068100
6 0.789819 0.306452 0.061492 0.143369
6 0.975302 0.204301 0.045363 0.053763
6 0.326109 0.500896 0.097782 0.134409