4 0.109375 0.381720 0.051411 0.154122
6 0.318044 0.140681 0.103831 0.073477
6 0.458669 0.155018 0.054435 0.130824
6 0.608367 0.049283 0.069556 0.098566
6 0.688004 0.293907 0.041331 0.189964
6 0.718750 0.409498 0.114919 0.069892
6 0.714718 0.873656 0.112903 0.073477
0 0.805948 0.675627 0.083669 0.093190
6 0.688004 0.687276 0.043347 0.181004
1 0.511593 0.474910 0.091734 0.060932
1 0.439516 0.513441 0.080645 0.109319
1 0.503528 0.608423 0.061492 0.134409
1 0.471774 0.779570 0.052419 0.114695
6 0.278730 0.534050 0.053427 0.182796