6 0.115423 0.364695 0.045363 0.155914
6 0.327117 0.129928 0.093750 0.077061
6 0.454637 0.137993 0.050403 0.139785
6 0.688508 0.320789 0.044355 0.197133
6 0.742944 0.448029 0.090726 0.068100
6 0.887601 0.267921 0.059476 0.084229
6 0.168851 0.938172 0.065524 0.120072
0 0.205141 0.470430 0.055444 0.152330
0 0.256048 0.625448 0.108871 0.071685
0 0.190020 0.735663 0.051411 0.152330
0 0.690524 0.631720 0.102823 0.087814
1 0.463710 0.469534 0.086694 0.089606
1 0.506048 0.697133 0.100806 0.086022
1 0.484879 0.824373 0.064516 0.164875
5 0.637601 0.854839 0.063508 0.136201