0 0.170363 0.508961 0.096774 0.107527
0 0.162802 0.724014 0.059476 0.150538
0 0.237903 0.691756 0.114919 0.078853
0 0.273185 0.611111 0.133065 0.071685
0 0.742944 0.440860 0.052419 0.189964
0 0.711694 0.514337 0.094758 0.096774
0 0.689012 0.607527 0.130040 0.086022
0 0.722278 0.681004 0.099798 0.111111
5 0.727823 0.793907 0.070565 0.157706
4 0.764617 0.841398 0.089718 0.098566
0 0.802923 0.480287 0.051411 0.111111
5 0.516129 0.157706 0.084677 0.136201
1 0.467742 0.420251 0.084677 0.134409
1 0.509073 0.529570 0.108871 0.127240
1 0.454133 0.580645 0.075605 0.164875
1 0.508569 0.823477 0.095766 0.080645