0 0.172379 0.501792 0.068548 0.103943
0 0.273185 0.587814 0.114919 0.071685
0 0.255544 0.670251 0.105847 0.129032
0 0.164819 0.724910 0.051411 0.141577
0 0.746472 0.447133 0.063508 0.198925
0 0.703125 0.512545 0.103831 0.103943
0 0.693548 0.613799 0.135081 0.080645
0 0.717742 0.690860 0.094758 0.130824
5 0.728327 0.801075 0.067540 0.168459
4 0.833669 0.792115 0.064516 0.164875
5 0.477319 0.119176 0.101815 0.073477
5 0.643649 0.166667 0.079637 0.150538
1 0.456149 0.403226 0.065524 0.139785
1 0.509073 0.525986 0.068548 0.145161
1 0.447077 0.524194 0.079637 0.134409
1 0.513609 0.697133 0.089718 0.086022
1 0.488911 0.835125 0.064516 0.146953
5 0.557460 0.940860 0.084677 0.089606