0 0.240423 0.508065 0.067540 0.137993
0 0.728327 0.459677 0.071573 0.184588
0 0.750000 0.689964 0.088710 0.103943
0 0.557460 0.118280 0.118952 0.093190
1 0.369456 0.174731 0.059476 0.120072
6 0.672883 0.332437 0.093750 0.087814
6 0.776714 0.435484 0.051411 0.129032
6 0.711694 0.768817 0.102823 0.075269
6 0.538306 0.689068 0.133065 0.080645
6 0.365423 0.786738 0.089718 0.111111
6 0.911290 0.841398 0.060484 0.145161
6 0.802923 0.918459 0.047379 0.141577
6 0.711694 0.872760 0.112903 0.089606
1 0.486391 0.529570 0.041331 0.123656
1 0.503528 0.904122 0.075605 0.087814
1 0.444556 0.840502 0.078629 0.100358