6 0.360383 0.174731 0.047379 0.130824
6 0.677419 0.124552 0.030242 0.170251
6 0.658266 0.302867 0.096774 0.075269
6 0.803931 0.389785 0.067540 0.109319
6 0.896169 0.174731 0.070565 0.077061
0 0.205141 0.753584 0.065524 0.155914
6 0.328629 0.844086 0.048387 0.172043
1 0.485887 0.534050 0.062500 0.154122
1 0.456149 0.621864 0.057460 0.111111
1 0.520665 0.689964 0.095766 0.086022
1 0.497984 0.796595 0.070565 0.134409
1 0.447581 0.859319 0.078629 0.105735
0 0.741431 0.460573 0.107863 0.146953
0 0.694052 0.620072 0.105847 0.096774
6 0.697581 0.863799 0.098790 0.114695
6 0.889617 0.887097 0.043347 0.139785
6 0.566028 0.892473 0.095766 0.096774
6 0.346270 0.653226 0.095766 0.080645