3 0.260081 0.346774 0.163306 0.105735
0 0.264113 0.600358 0.100806 0.129032
0 0.200605 0.740143 0.060484 0.164875
6 0.260081 0.915771 0.048387 0.139785
6 0.405746 0.161290 0.065524 0.121864
6 0.796371 0.345878 0.064516 0.118280
6 0.655746 0.319892 0.089718 0.077061
6 0.904738 0.387097 0.043347 0.121864
6 0.898690 0.214158 0.043347 0.112903
6 0.376008 0.915771 0.068548 0.100358
0 0.749496 0.458781 0.089718 0.150538
0 0.505544 0.626344 0.071573 0.116487
0 0.516129 0.715950 0.084677 0.105735
6 0.639113 0.785842 0.056452 0.209677