0 0.245464 0.577061 0.128024 0.107527
0 0.214214 0.725806 0.047379 0.172043
6 0.251008 0.851254 0.068548 0.168459
6 0.465726 0.198925 0.054435 0.200717
6 0.741935 0.110215 0.058468 0.145161
6 0.643145 0.290323 0.074597 0.075269
6 0.803427 0.374552 0.052419 0.143369
6 0.918347 0.204301 0.044355 0.078853
6 0.899194 0.383513 0.040323 0.114695
6 0.949597 0.400538 0.066532 0.130824
0 0.744456 0.446237 0.095766 0.121864
6 0.733871 0.728495 0.088710 0.120072
6 0.807964 0.775090 0.057460 0.127240
6 0.610383 0.439068 0.097782 0.121864
1 0.454637 0.451613 0.098790 0.093190
1 0.516633 0.637993 0.071573 0.121864
1 0.516129 0.717742 0.086694 0.123656
6 0.630040 0.909498 0.066532 0.163082