6 0.362399 0.170251 0.061492 0.146953
6 0.118952 0.219534 0.042339 0.141577
6 0.706149 0.269713 0.101815 0.098566
6 0.877520 0.203405 0.069556 0.098566
6 0.707661 0.416667 0.092742 0.102151
6 0.662298 0.621864 0.102823 0.064516
6 0.741431 0.758961 0.055444 0.159498
6 0.706653 0.941756 0.056452 0.102151
6 0.923891 0.525986 0.051411 0.066308
0 0.193548 0.494624 0.102823 0.107527
0 0.262097 0.619176 0.114919 0.084229
0 0.201109 0.735663 0.071573 0.155914
0 0.129536 0.896057 0.053427 0.129032
1 0.506048 0.482975 0.092742 0.080645
1 0.506552 0.597670 0.103831 0.094982
1 0.434980 0.686380 0.085685 0.096774
1 0.491431 0.716846 0.081653 0.121864
1 0.492440 0.812724 0.091734 0.116487