5 0.129032 0.194444 0.078629 0.066308
6 0.313004 0.145161 0.087702 0.075269
6 0.430948 0.280466 0.103831 0.109319
6 0.698085 0.283154 0.101815 0.078853
6 0.302419 0.410394 0.116935 0.078853
0 0.252520 0.629032 0.123992 0.100358
0 0.203629 0.746416 0.076613 0.177419
6 0.147681 0.916667 0.065524 0.112903
1 0.504536 0.597670 0.087702 0.120072
1 0.440524 0.687276 0.092742 0.077061
1 0.463206 0.793907 0.073589 0.154122
0 0.707661 0.539427 0.068548 0.175627
6 0.664819 0.636201 0.107863 0.068100
6 0.915827 0.905018 0.051411 0.121864