0 0.193548 0.502688 0.086694 0.123656
0 0.251008 0.621864 0.110887 0.103943
0 0.203125 0.745520 0.077621 0.182796
6 0.298891 0.146953 0.107863 0.082437
6 0.627520 0.343190 0.083669 0.098566
6 0.651210 0.632616 0.098790 0.103943
1 0.500000 0.607527 0.074597 0.118280
1 0.435988 0.691756 0.101815 0.075269
1 0.502520 0.792115 0.063508 0.114695
0 0.716734 0.508065 0.106855 0.080645
6 0.267137 0.747312 0.056452 0.175627
6 0.149698 0.909498 0.069556 0.094982
6 0.290827 0.442652 0.103831 0.154122
0 0.787298 0.747312 0.062500 0.154122