0 0.164819 0.500000 0.031250 0.114695
0 0.210685 0.481183 0.080645 0.112903
0 0.259073 0.555556 0.118952 0.082437
0 0.171875 0.724014 0.051411 0.175627
0 0.725302 0.695341 0.069556 0.172043
6 0.603831 0.703405 0.046371 0.159498
4 0.239415 0.164875 0.105847 0.100358
6 0.259577 0.672939 0.089718 0.087814
6 0.348286 0.617384 0.107863 0.080645
6 0.407762 0.672939 0.045363 0.181004
6 0.316028 0.937276 0.095766 0.089606
6 0.139617 0.869176 0.069556 0.071685
1 0.453629 0.800179 0.046371 0.123656
1 0.472782 0.713262 0.068548 0.086022
1 0.460181 0.463262 0.101815 0.105735
1 0.483367 0.579749 0.063508 0.148746
1 0.472278 0.936380 0.073589 0.105735
6 0.651210 0.734767 0.080645 0.136201
6 0.910282 0.248208 0.046371 0.148746