0 0.143145 0.482079 0.046371 0.146953
0 0.171875 0.478495 0.047379 0.154122
0 0.218246 0.470430 0.045363 0.198925
0 0.261089 0.593190 0.129032 0.075269
0 0.232359 0.734767 0.053427 0.168459
0 0.721774 0.685484 0.050403 0.191756
0 0.773690 0.728495 0.051411 0.206093
6 0.125504 0.923835 0.075605 0.137993
6 0.905746 0.275090 0.037298 0.120072
6 0.967238 0.280466 0.057460 0.116487
1 0.442540 0.474014 0.090726 0.098566
1 0.536794 0.479391 0.109879 0.094982
1 0.494456 0.588710 0.075605 0.116487
1 0.489415 0.669355 0.063508 0.116487
1 0.480847 0.740143 0.066532 0.125448
6 0.604335 0.702509 0.061492 0.154122
6 0.654234 0.701613 0.052419 0.148746