0 0.173387 0.494624 0.064516 0.132616
0 0.268145 0.545699 0.127016 0.073477
0 0.263609 0.630824 0.121976 0.082437
0 0.225806 0.716846 0.100806 0.132616
3 0.158770 0.854839 0.053427 0.078853
5 0.347782 0.331541 0.116935 0.096774
1 0.478831 0.560036 0.062500 0.181004
1 0.492440 0.720430 0.105847 0.129032
1 0.423387 0.894265 0.106855 0.114695
4 0.561492 0.949821 0.072581 0.093190
0 0.751512 0.722222 0.047379 0.204301
4 0.769153 0.838710 0.092742 0.114695
0 0.804940 0.474910 0.065524 0.100358
0 0.741935 0.447133 0.054435 0.195341
0 0.648185 0.528674 0.086694 0.100358
0 0.698085 0.597670 0.119960 0.127240
5 0.670867 0.732975 0.073589 0.175627