0 0.138105 0.496416 0.044355 0.129032
0 0.181452 0.476703 0.058468 0.143369
0 0.228831 0.500896 0.068548 0.184588
0 0.231351 0.704301 0.063508 0.193548
0 0.207661 0.685484 0.110887 0.084229
1 0.452621 0.479391 0.092742 0.077061
1 0.490423 0.586022 0.083669 0.100358
1 0.482359 0.664875 0.095766 0.139785
1 0.507560 0.836022 0.093750 0.116487
0 0.722278 0.677419 0.055444 0.189964
0 0.789315 0.722222 0.062500 0.157706
6 0.679435 0.867384 0.112903 0.086022
6 0.614415 0.712366 0.057460 0.148746
6 0.342742 0.905914 0.052419 0.141577
6 0.421875 0.941756 0.083669 0.077061
6 0.873992 0.769713 0.052419 0.166667
6 0.951613 0.817204 0.070565 0.089606
6 0.892641 0.232079 0.041331 0.066308
6 0.967742 0.248208 0.036290 0.123656
6 0.506048 0.120072 0.088710 0.121864