0 0.210685 0.448925 0.040323 0.188172
0 0.260081 0.537634 0.116935 0.096774
0 0.254536 0.637097 0.107863 0.087814
6 0.334677 0.722222 0.102823 0.100358
6 0.158266 0.130824 0.048387 0.125448
6 0.255040 0.217742 0.064516 0.163082
6 0.448085 0.152330 0.109879 0.075269
6 0.414819 0.296595 0.101815 0.073477
6 0.510585 0.321685 0.049395 0.166667
6 0.689516 0.335125 0.080645 0.132616
6 0.620968 0.764337 0.068548 0.177419
6 0.886089 0.334229 0.062500 0.073477
6 0.583669 0.155914 0.056452 0.164875
6 0.886089 0.227599 0.044355 0.086022
0 0.686492 0.604839 0.125000 0.098566
6 0.749496 0.754480 0.077621 0.146953
1 0.465222 0.508961 0.065524 0.150538
1 0.468246 0.821685 0.065524 0.102151