0 0.258065 0.570789 0.118952 0.077061
0 0.185484 0.744624 0.042339 0.166667
0 0.228327 0.713262 0.093750 0.111111
0 0.690020 0.610215 0.126008 0.062724
1 0.470262 0.798387 0.049395 0.120072
1 0.478831 0.504480 0.058468 0.145161
6 0.612399 0.222222 0.109879 0.082437
6 0.692540 0.325269 0.066532 0.137993
6 0.609879 0.369176 0.125000 0.075269
6 0.719254 0.422939 0.087702 0.089606
6 0.672883 0.492832 0.123992 0.082437
6 0.802419 0.454301 0.060484 0.102151
6 0.890625 0.239247 0.029234 0.087814
6 0.981351 0.413978 0.027218 0.129032
6 0.958669 0.210573 0.056452 0.091398
6 0.137097 0.097670 0.050403 0.084229