0 0.239415 0.517025 0.049395 0.166667
0 0.251512 0.636201 0.095766 0.100358
0 0.229335 0.701613 0.097782 0.094982
0 0.181956 0.741039 0.075605 0.127240
0 0.687500 0.593190 0.110887 0.068100
6 0.271673 0.169355 0.083669 0.062724
6 0.716230 0.815412 0.093750 0.118280
6 0.920363 0.793907 0.028226 0.154122
1 0.470262 0.838710 0.045363 0.154122
1 0.518649 0.758065 0.081653 0.096774
1 0.477319 0.611111 0.055444 0.139785
1 0.459677 0.448029 0.094758 0.089606
6 0.723790 0.298387 0.090726 0.084229
6 0.892641 0.239247 0.037298 0.109319
6 0.797883 0.428315 0.055444 0.082437