0 0.244960 0.589606 0.104839 0.139785
0 0.234879 0.673835 0.114919 0.064516
0 0.205645 0.718638 0.086694 0.100358
0 0.686492 0.594086 0.127016 0.073477
6 0.244456 0.195341 0.095766 0.064516
6 0.726815 0.301075 0.112903 0.068100
6 0.727823 0.401434 0.066532 0.089606
6 0.831149 0.395161 0.067540 0.120072
6 0.769153 0.773297 0.064516 0.137993
1 0.468750 0.853047 0.052419 0.150538
1 0.457157 0.444444 0.057460 0.154122
1 0.256048 0.818996 0.118952 0.050179
1 0.890121 0.243728 0.042339 0.111111
5 0.975806 0.254480 0.032258 0.114695
6 0.129536 0.163978 0.043347 0.152330
4 0.272177 0.120072 0.116935 0.075269