0 0.192540 0.471326 0.060484 0.150538
0 0.253024 0.571685 0.114919 0.086022
0 0.207157 0.717742 0.063508 0.137993
6 0.119456 0.186380 0.043347 0.139785
6 0.686492 0.339606 0.080645 0.152330
6 0.647177 0.110215 0.090726 0.069892
6 0.892137 0.166667 0.082661 0.075269
6 0.967742 0.258065 0.040323 0.121864
6 0.969254 0.366487 0.045363 0.077061
6 0.846774 0.892473 0.042339 0.157706
1 0.466230 0.428315 0.073589 0.139785
1 0.451109 0.628136 0.073589 0.159498
1 0.500000 0.752688 0.056452 0.143369
0 0.780242 0.458781 0.058468 0.164875