6 0.148185 0.190860 0.038306 0.177419
6 0.183468 0.153226 0.072581 0.112903
6 0.674395 0.329749 0.052419 0.179211
6 0.369960 0.291219 0.102823 0.105735
6 0.369960 0.783154 0.104839 0.078853
6 0.403226 0.913978 0.078629 0.078853
0 0.182460 0.461470 0.064516 0.191756
0 0.255040 0.558244 0.082661 0.134409
0 0.201613 0.711470 0.074597 0.129032
0 0.789315 0.443548 0.042339 0.166667
0 0.693044 0.524194 0.119960 0.069892
0 0.699093 0.678315 0.047379 0.188172
0 0.781250 0.724910 0.054435 0.159498
0 0.447581 0.592294 0.070565 0.134409
6 0.943548 0.891577 0.040323 0.166667
1 0.489919 0.810036 0.068548 0.136201
1 0.512601 0.479391 0.089718 0.091398