0 0.255040 0.518817 0.108871 0.066308
0 0.191028 0.718638 0.055444 0.118280
6 0.655746 0.330645 0.075605 0.123656
6 0.767137 0.862903 0.066532 0.170251
6 0.836694 0.404122 0.088710 0.077061
6 0.609879 0.888889 0.094758 0.100358
6 0.921371 0.835125 0.030242 0.121864
0 0.721774 0.494624 0.100806 0.086022
6 0.712198 0.686380 0.105847 0.125448
6 0.117944 0.248208 0.038306 0.116487
1 0.473286 0.534050 0.059476 0.129032
1 0.517641 0.611111 0.085685 0.064516
1 0.473286 0.735663 0.061492 0.163082
1 0.480847 0.882616 0.050403 0.127240