0 0.158770 0.502688 0.061492 0.102151
0 0.248488 0.589606 0.095766 0.086022
0 0.209677 0.744624 0.078629 0.141577
0 0.688004 0.639785 0.117944 0.082437
0 0.775202 0.714158 0.044355 0.170251
6 0.665323 0.333333 0.068548 0.132616
6 0.675403 0.804659 0.082661 0.093190
1 0.474798 0.583333 0.068548 0.145161
1 0.519153 0.673835 0.094758 0.093190
1 0.445060 0.750896 0.095766 0.075269
1 0.491431 0.913978 0.097782 0.086022
6 0.737399 0.927419 0.085685 0.120072
6 0.329637 0.685484 0.098790 0.094982
6 0.331653 0.914875 0.088710 0.105735