0 0.247480 0.552867 0.099798 0.091398
0 0.730343 0.467742 0.099798 0.150538
0 0.730343 0.692652 0.063508 0.191756
0 0.800403 0.682796 0.082661 0.100358
6 0.254032 0.848566 0.110887 0.105735
6 0.709677 0.164875 0.074597 0.150538
6 0.516129 0.465054 0.102823 0.077061
0 0.462702 0.571685 0.052419 0.129032
0 0.512601 0.634409 0.103831 0.103943
0 0.497480 0.787634 0.081653 0.094982
6 0.295363 0.656810 0.094758 0.145161
0 0.459677 0.929211 0.042339 0.112903
6 0.447581 0.087814 0.072581 0.089606
6 0.866935 0.844086 0.068548 0.111111
6 0.893649 0.949821 0.067540 0.093190