0 0.224294 0.488351 0.077621 0.123656
0 0.233871 0.690860 0.070565 0.148746
6 0.495968 0.139785 0.125000 0.107527
6 0.508569 0.279570 0.111895 0.096774
6 0.686996 0.151434 0.091734 0.141577
6 0.607863 0.394265 0.108871 0.121864
6 0.570060 0.725806 0.083669 0.086022
6 0.635081 0.750896 0.078629 0.172043
0 0.729839 0.719534 0.062500 0.163082
0 0.740927 0.461470 0.098790 0.141577
5 0.169859 0.296595 0.063508 0.098566
5 0.174899 0.170251 0.089718 0.068100
5 0.905746 0.215054 0.047379 0.060932
6 0.189012 0.965054 0.043347 0.069892
1 0.517137 0.548387 0.100806 0.071685
1 0.485887 0.694444 0.040323 0.137993
1 0.446069 0.771505 0.097782 0.069892
1 0.460181 0.873656 0.045363 0.116487