0 0.260585 0.632616 0.134073 0.053763
0 0.248992 0.516129 0.070565 0.143369
0 0.717742 0.670251 0.102823 0.068100
0 0.786794 0.433692 0.035282 0.204301
0 0.744960 0.437276 0.058468 0.200717
0 0.719254 0.483871 0.061492 0.182796
1 0.446573 0.484767 0.102823 0.069892
1 0.474798 0.558244 0.044355 0.084229
1 0.450101 0.807348 0.057460 0.120072
6 0.454637 0.318996 0.086694 0.100358
5 0.906250 0.935484 0.036290 0.057348
5 0.663810 0.705197 0.081653 0.145161
5 0.942036 0.516129 0.039315 0.132616
6 0.831149 0.282258 0.065524 0.173835