0 0.239919 0.533154 0.076613 0.123656
0 0.257056 0.642473 0.122984 0.055556
0 0.212702 0.724014 0.054435 0.139785
0 0.739919 0.715950 0.036290 0.209677
0 0.782762 0.682796 0.049395 0.111111
0 0.770161 0.461470 0.058468 0.145161
1 0.487399 0.525986 0.045363 0.130824
1 0.505040 0.801971 0.064516 0.112903
1 0.468246 0.636201 0.059476 0.078853
6 0.629536 0.923835 0.111895 0.069892
6 0.729335 0.321685 0.063508 0.159498
6 0.824597 0.218638 0.062500 0.071685
6 0.306452 0.922939 0.076613 0.114695
6 0.617944 0.822581 0.092742 0.121864
1 0.514617 0.697133 0.085685 0.078853