0 0.184476 0.462366 0.052419 0.189964
0 0.215222 0.482079 0.041331 0.186380
0 0.237399 0.530466 0.085685 0.150538
0 0.245968 0.628136 0.106855 0.077061
0 0.230847 0.715950 0.072581 0.145161
0 0.206653 0.742832 0.068548 0.120072
0 0.772681 0.458781 0.061492 0.139785
0 0.700101 0.650538 0.093750 0.111111
1 0.527218 0.540323 0.090726 0.066308
1 0.522681 0.609319 0.101815 0.068100
1 0.509577 0.686380 0.079637 0.071685
1 0.502016 0.802867 0.060484 0.146953
6 0.556452 0.287634 0.046371 0.173835
6 0.646673 0.328853 0.067540 0.130824
6 0.914315 0.773297 0.046371 0.123656
6 0.914819 0.340502 0.063508 0.075269
6 0.842742 0.197133 0.054435 0.075269
6 0.682964 0.887097 0.067540 0.161290
6 0.981351 0.773297 0.037298 0.080645