0 0.219758 0.489247 0.038306 0.211470
0 0.245464 0.528674 0.061492 0.143369
0 0.258065 0.642473 0.104839 0.062724
0 0.239919 0.730287 0.072581 0.127240
6 0.316028 0.240143 0.055444 0.150538
6 0.425403 0.201613 0.056452 0.163082
6 0.646673 0.334229 0.057460 0.148746
6 0.826109 0.366487 0.085685 0.080645
6 0.982863 0.804659 0.032258 0.132616
0 0.771169 0.456093 0.076613 0.109319
0 0.690020 0.655914 0.083669 0.129032
0 0.730847 0.697133 0.042339 0.164875
1 0.443548 0.470430 0.090726 0.069892
1 0.425403 0.565412 0.054435 0.141577
1 0.510585 0.546595 0.097782 0.078853
1 0.517641 0.609319 0.085685 0.057348
1 0.491935 0.697133 0.092742 0.075269
1 0.442540 0.786738 0.070565 0.096774
1 0.469758 0.867384 0.038306 0.129032
6 0.826613 0.770609 0.058468 0.143369