0 0.187500 0.466846 0.088710 0.170251
0 0.230847 0.544803 0.084677 0.154122
0 0.259073 0.636201 0.122984 0.060932
0 0.232863 0.706989 0.070565 0.134409
6 0.375504 0.557348 0.055444 0.164875
6 0.326109 0.921147 0.057460 0.154122
6 0.187500 0.958781 0.070565 0.082437
6 0.920363 0.219534 0.046371 0.066308
6 0.643145 0.327957 0.048387 0.136201
6 0.729335 0.833333 0.053427 0.150538
6 0.577621 0.212366 0.104839 0.112903
1 0.514113 0.544803 0.094758 0.082437
1 0.517641 0.617384 0.091734 0.062724
1 0.502520 0.701613 0.077621 0.109319
1 0.451613 0.769713 0.054435 0.084229
1 0.501008 0.869176 0.104839 0.082437
6 0.656754 0.915771 0.081653 0.086022
6 0.394153 0.944444 0.078629 0.071685