0 0.205645 0.471326 0.062500 0.215054
0 0.242440 0.723118 0.051411 0.155914
0 0.181452 0.753584 0.040323 0.177419
0 0.685988 0.603047 0.138105 0.102151
0 0.760081 0.443548 0.080645 0.152330
1 0.462702 0.415771 0.086694 0.078853
1 0.495968 0.478495 0.096774 0.082437
1 0.484879 0.675627 0.066532 0.132616
1 0.505544 0.867384 0.097782 0.096774
6 0.649194 0.323477 0.076613 0.098566
6 0.582157 0.311828 0.075605 0.154122
6 0.942036 0.203405 0.071573 0.080645
6 0.397177 0.941756 0.080645 0.094982
6 0.851310 0.739247 0.075605 0.098566