0 0.691028 0.581541 0.126008 0.069892
0 0.712198 0.455197 0.067540 0.189964
0 0.793851 0.688172 0.063508 0.129032
6 0.580141 0.311828 0.071573 0.139785
6 0.645665 0.202509 0.055444 0.175627
6 0.654738 0.792115 0.093750 0.078853
6 0.940020 0.250000 0.069556 0.080645
1 0.482863 0.431900 0.056452 0.146953
1 0.456653 0.577061 0.094758 0.107527
1 0.484879 0.672043 0.052419 0.121864
1 0.435484 0.756272 0.092742 0.064516
1 0.495968 0.807348 0.104839 0.077061
1 0.476815 0.955197 0.048387 0.071685
0 0.215222 0.493728 0.047379 0.191756
0 0.238911 0.691756 0.074597 0.164875
0 0.168347 0.762545 0.060484 0.155914
6 0.358367 0.434588 0.093750 0.102151