0 0.244960 0.594982 0.118952 0.121864
0 0.151714 0.706989 0.051411 0.130824
0 0.714718 0.624552 0.110887 0.094982
1 0.417843 0.516129 0.093750 0.111111
1 0.503528 0.671147 0.079637 0.145161
0 0.739919 0.440860 0.082661 0.164875
1 0.459677 0.800179 0.080645 0.109319
1 0.479335 0.964158 0.077621 0.068100
0 0.771169 0.720430 0.052419 0.236559
6 0.909778 0.206093 0.051411 0.053763
6 0.593246 0.495520 0.089718 0.112903
6 0.450605 0.279570 0.108871 0.078853
0 0.159778 0.478495 0.055444 0.182796
0 0.925907 0.915771 0.055444 0.146953