0 0.178427 0.366487 0.076613 0.141577
0 0.268649 0.374552 0.077621 0.164875
0 0.299899 0.474014 0.103831 0.091398
0 0.716734 0.448029 0.118952 0.103943
0 0.827621 0.383513 0.068548 0.082437
1 0.449093 0.711470 0.041331 0.118280
1 0.485887 0.868280 0.064516 0.105735
1 0.643145 0.700717 0.096774 0.086022
2 0.749496 0.759857 0.091734 0.089606
1 0.623992 0.217742 0.074597 0.198925
1 0.820565 0.906810 0.078629 0.064516
1 0.638609 0.911290 0.095766 0.073477
3 0.821573 0.140681 0.068548 0.188172
3 0.876008 0.125448 0.056452 0.200717
3 0.903730 0.145161 0.047379 0.157706
3 0.934476 0.087814 0.046371 0.164875