0 0.181956 0.371864 0.063508 0.159498
0 0.269153 0.364695 0.114919 0.155914
0 0.286290 0.506272 0.090726 0.155914
0 0.712702 0.414875 0.129032 0.094982
0 0.820060 0.336918 0.067540 0.125448
1 0.683972 0.648746 0.059476 0.157706
1 0.420363 0.830645 0.080645 0.116487
2 0.970262 0.463262 0.055444 0.141577
2 0.744456 0.755376 0.075605 0.105735
1 0.545867 0.776882 0.045363 0.102151
1 0.630544 0.892473 0.067540 0.089606
3 0.863911 0.116487 0.060484 0.182796
3 0.898690 0.151434 0.061492 0.181004
3 0.928427 0.089606 0.042339 0.168459
3 0.965726 0.194444 0.042339 0.141577
1 0.820565 0.911290 0.084677 0.062724
1 0.563004 0.963262 0.085685 0.069892