1 0.169859 0.286738 0.051411 0.143369
1 0.126008 0.336022 0.054435 0.123656
1 0.231855 0.262545 0.058468 0.141577
0 0.822581 0.342294 0.068548 0.125448
1 0.640625 0.759857 0.061492 0.193548
1 0.635585 0.904122 0.105847 0.084229
1 0.545363 0.765233 0.038306 0.107527
1 0.435484 0.961470 0.088710 0.077060
5 0.741935 0.753584 0.068548 0.123656
2 0.964214 0.462366 0.045363 0.107527
1 0.827621 0.900538 0.078629 0.069892
1 0.916835 0.843190 0.047379 0.134409
3 0.863407 0.122760 0.059476 0.184588
3 0.896169 0.176523 0.052419 0.145161
3 0.917843 0.086022 0.055444 0.157706