0 0.277722 0.530466 0.051411 0.139785
0 0.718750 0.479391 0.102823 0.116487
0 0.822581 0.326165 0.044355 0.207885
1 0.220262 0.122760 0.061492 0.069892
1 0.316532 0.047491 0.108871 0.080645
1 0.351815 0.273297 0.108871 0.094982
1 0.537802 0.780466 0.045363 0.116487
1 0.402218 0.825269 0.072581 0.098566
1 0.768145 0.766129 0.084677 0.091398
1 0.619960 0.915771 0.086694 0.082437
5 0.686996 0.837814 0.063508 0.094982
2 0.952621 0.626344 0.046371 0.087814
1 0.837198 0.886201 0.071573 0.062724
1 0.970766 0.533154 0.054435 0.087814
3 0.876008 0.122760 0.050403 0.177419
3 0.917843 0.091398 0.043347 0.136201
3 0.951613 0.190860 0.038306 0.116487
3 0.983367 0.153226 0.033266 0.166667