0 0.247480 0.716846 0.097782 0.132616
0 0.188508 0.725806 0.064516 0.146953
0 0.772177 0.445341 0.052419 0.173835
0 0.700605 0.650538 0.080645 0.125448
6 0.955141 0.739247 0.051411 0.112903
6 0.743952 0.853047 0.056452 0.172043
6 0.650706 0.811828 0.097782 0.157706
6 0.582157 0.371864 0.059476 0.163082
1 0.502016 0.509857 0.074597 0.112903
1 0.439012 0.566308 0.087702 0.086022
1 0.507056 0.772401 0.094758 0.071685
1 0.439516 0.858423 0.074597 0.093190
1 0.454637 0.724910 0.050403 0.141577
6 0.910786 0.190860 0.039315 0.094982
6 0.856351 0.198029 0.043347 0.137993
6 0.599294 0.552867 0.075605 0.170251
6 0.955141 0.526882 0.063508 0.093190
5 0.218750 0.200717 0.070565 0.129032