5 0.301411 0.116487 0.072581 0.093190
6 0.589718 0.375448 0.046371 0.152330
6 0.915323 0.193548 0.052419 0.071685
6 0.789819 0.757168 0.043347 0.188172
6 0.135585 0.927419 0.085685 0.112903
6 0.936996 0.906810 0.053427 0.068100
6 0.855343 0.185484 0.031250 0.112903
6 0.348790 0.465054 0.056452 0.191756
0 0.227319 0.482079 0.115927 0.168459
0 0.243952 0.690860 0.088710 0.184588
0 0.188004 0.724910 0.077621 0.134409
0 0.775202 0.446237 0.058468 0.168459
0 0.692540 0.558244 0.102823 0.051971
0 0.725302 0.725806 0.045363 0.189964
1 0.492944 0.511649 0.050403 0.120072
1 0.472782 0.668459 0.044355 0.129032
1 0.509577 0.782258 0.081653 0.091398
1 0.454133 0.853047 0.075605 0.093190
1 0.512097 0.965950 0.098790 0.064516