0 0.231351 0.344982 0.063508 0.188172
0 0.275202 0.403226 0.054435 0.197133
0 0.310484 0.491039 0.120968 0.100358
0 0.792339 0.284050 0.032258 0.188172
0 0.724798 0.465950 0.070565 0.125448
1 0.600806 0.487455 0.048387 0.207885
1 0.488407 0.553763 0.061492 0.197133
1 0.601310 0.872760 0.079637 0.078853
1 0.904234 0.336022 0.038306 0.116487
3 0.797379 0.110215 0.052419 0.155914
3 0.846774 0.115591 0.058468 0.191756
3 0.908770 0.077061 0.049395 0.150538
3 0.985887 0.125448 0.028226 0.157706
0 0.844254 0.378136 0.053427 0.121864