0 0.232863 0.365591 0.076613 0.132616
0 0.280746 0.425627 0.075605 0.127240
0 0.269153 0.543907 0.102823 0.059140
0 0.795867 0.297491 0.045363 0.168459
0 0.847782 0.376344 0.050403 0.114695
1 0.398185 0.231183 0.098790 0.089606
1 0.476815 0.641577 0.082661 0.129032
1 0.814516 0.741039 0.074597 0.087814
1 0.539819 0.913978 0.067540 0.125448
2 0.682460 0.848566 0.050403 0.137993
1 0.692540 0.795699 0.002016 0.000000
3 0.848286 0.123656 0.061492 0.168459
3 0.904738 0.082437 0.047379 0.157706
3 0.980847 0.153226 0.038306 0.213262