0 0.222782 0.485663 0.090726 0.129032
0 0.238407 0.695341 0.077621 0.179211
0 0.697077 0.560036 0.113911 0.062724
1 0.273690 0.137993 0.089718 0.078853
6 0.595766 0.371864 0.054435 0.170251
6 0.402218 0.349462 0.100806 0.121864
6 0.126008 0.924731 0.078629 0.096774
1 0.495464 0.502688 0.075605 0.116487
1 0.442540 0.561828 0.102823 0.066308
1 0.477319 0.671147 0.039315 0.159498
1 0.436996 0.757168 0.075605 0.073477
1 0.448085 0.844086 0.083669 0.078853
6 0.576109 0.919355 0.079637 0.125448
6 0.658770 0.433692 0.043347 0.168459
6 0.912802 0.198925 0.045363 0.129032
6 0.184980 0.178315 0.055444 0.087814