0 0.231855 0.471326 0.102823 0.121864
0 0.248488 0.654122 0.087702 0.139785
0 0.199597 0.706989 0.052419 0.141577
6 0.123488 0.942652 0.085685 0.057348
0 0.696069 0.610215 0.117944 0.102151
6 0.592238 0.333333 0.065524 0.175627
6 0.951109 0.521505 0.069556 0.089606
6 0.511089 0.420251 0.060484 0.163082
1 0.440524 0.486559 0.098790 0.080645
1 0.474798 0.579749 0.048387 0.109319
1 0.460181 0.724014 0.067540 0.096774
1 0.500504 0.774194 0.093750 0.078853
1 0.434476 0.891577 0.092742 0.073477
6 0.918347 0.177419 0.034274 0.146953
6 0.149698 0.133513 0.047379 0.077061