0 0.246472 0.537634 0.105847 0.082437
0 0.233871 0.723118 0.076613 0.159498
0 0.161290 0.731183 0.072581 0.150538
5 0.234375 0.324373 0.067540 0.118280
6 0.160786 0.314516 0.069556 0.102151
6 0.638105 0.289427 0.094758 0.080645
6 0.720766 0.351254 0.072581 0.154122
6 0.168347 0.928315 0.048387 0.093190
1 0.466230 0.372760 0.045363 0.161290
1 0.496472 0.508961 0.071573 0.118280
1 0.431452 0.555556 0.090726 0.071685
1 0.486895 0.663978 0.052419 0.163082
1 0.457157 0.775986 0.103831 0.100358
1 0.454133 0.854839 0.093750 0.111111
1 0.471774 0.944444 0.054435 0.100358
6 0.916835 0.214158 0.043347 0.069892