0 0.245968 0.537634 0.090726 0.093190
0 0.167339 0.724910 0.046371 0.130824
0 0.772177 0.449821 0.070565 0.136201
6 0.836190 0.219534 0.037298 0.087814
6 0.715222 0.161290 0.093750 0.107527
6 0.634577 0.294803 0.083669 0.091398
6 0.152218 0.301075 0.068548 0.118280
6 0.244456 0.712366 0.071573 0.181004
1 0.497480 0.510753 0.071573 0.136201
1 0.442540 0.562724 0.096774 0.075269
1 0.521169 0.644265 0.084677 0.098566
1 0.462702 0.720430 0.044355 0.154122
1 0.505040 0.834229 0.076613 0.080645
1 0.428427 0.920251 0.096774 0.080645
1 0.455141 0.855735 0.073589 0.134409
6 0.950101 0.569892 0.067540 0.082437