0 0.228327 0.327957 0.035282 0.204301
0 0.265121 0.353943 0.066532 0.206093
0 0.276210 0.578853 0.092742 0.103943
2 0.771673 0.613799 0.073589 0.102151
1 0.586190 0.275090 0.109879 0.066308
1 0.850302 0.301075 0.059476 0.179211
3 0.812500 0.105735 0.052419 0.161290
3 0.869456 0.060036 0.061492 0.120072
3 0.873992 0.166667 0.058468 0.100358
3 0.914819 0.170251 0.043347 0.093190
3 0.950101 0.195341 0.041331 0.096774
1 0.681956 0.859319 0.047379 0.087814
1 0.280242 0.767025 0.038306 0.089606
1 0.855847 0.877240 0.056452 0.080645
1 0.940524 0.794803 0.040323 0.105735
1 0.946573 0.328853 0.054435 0.127240
1 0.323589 0.458781 0.074597 0.093190