1 0.145665 0.347670 0.057460 0.154122
1 0.276210 0.792115 0.038306 0.139785
1 0.683468 0.862903 0.048387 0.084229
1 0.858367 0.311828 0.061492 0.129032
1 0.966734 0.368280 0.058468 0.091398
0 0.264617 0.362007 0.073589 0.175627
0 0.293851 0.474910 0.121976 0.093190
0 0.713206 0.423835 0.111895 0.098566
2 0.690524 0.281362 0.068548 0.143369
2 0.512601 0.232079 0.067540 0.087814
2 0.462702 0.215950 0.056452 0.102151
2 0.776210 0.616487 0.066532 0.114695
1 0.936492 0.799283 0.032258 0.096774
3 0.814516 0.120072 0.040323 0.164875
3 0.873488 0.065412 0.049395 0.130824
3 0.872480 0.167563 0.045363 0.102151
3 0.918347 0.179211 0.030242 0.093190
3 0.920867 0.069892 0.047379 0.129032
3 0.960685 0.099462 0.030242 0.127240
3 0.960685 0.203405 0.024194 0.073477
3 0.978327 0.188172 0.029234 0.150538
1 0.852823 0.879928 0.040323 0.060932