0 0.229335 0.339606 0.073589 0.141577
0 0.834173 0.329749 0.049395 0.175627
1 0.122480 0.395161 0.035282 0.181004
1 0.665827 0.545699 0.095766 0.091398
1 0.352319 0.293011 0.109879 0.091398
2 0.719254 0.316308 0.065524 0.134409
2 0.956653 0.617384 0.068548 0.105735
2 0.654234 0.199821 0.064516 0.105735
2 0.633569 0.309140 0.073589 0.109319
2 0.451109 0.313620 0.067540 0.150538
2 0.438004 0.470430 0.057460 0.120072
2 0.509073 0.471326 0.076613 0.121864
3 0.820060 0.111111 0.043347 0.118280
3 0.875504 0.070789 0.045363 0.137993
3 0.872984 0.163082 0.056452 0.071685
3 0.918851 0.077957 0.047379 0.127240
3 0.915827 0.181004 0.035282 0.093190
3 0.969254 0.104839 0.037298 0.102151
3 0.952117 0.181004 0.037298 0.111111
3 0.980343 0.204301 0.033266 0.111111