0 0.276210 0.367384 0.098790 0.164875
0 0.814516 0.301075 0.040323 0.193548
1 0.305444 0.131720 0.048387 0.202509
1 0.690020 0.549283 0.079637 0.102151
2 0.503528 0.474910 0.063508 0.161290
2 0.439516 0.479391 0.056452 0.137993
2 0.712702 0.319892 0.068548 0.116487
2 0.629536 0.302867 0.071573 0.093190
2 0.446069 0.323477 0.065524 0.137993
2 0.660282 0.199821 0.062500 0.120072
1 0.114415 0.342294 0.051411 0.168459
3 0.817036 0.114695 0.055444 0.132616
3 0.874496 0.066308 0.053427 0.132616
3 0.875000 0.157706 0.054435 0.086022
3 0.918347 0.075269 0.040323 0.139785
3 0.918347 0.173835 0.038306 0.078853
3 0.975302 0.099462 0.049395 0.159498
3 0.960685 0.199821 0.044355 0.116487