0 0.289819 0.382616 0.101815 0.173835
0 0.733367 0.527778 0.081653 0.116487
1 0.332661 0.231183 0.062500 0.200717
1 0.107359 0.257168 0.045363 0.173835
1 0.433972 0.477599 0.063508 0.159498
2 0.449093 0.325269 0.077621 0.159498
1 0.972278 0.389785 0.033266 0.159498
3 0.818044 0.095878 0.053427 0.170251
3 0.876008 0.068996 0.054435 0.130824
3 0.876008 0.170251 0.052419 0.089606
3 0.913306 0.079749 0.050403 0.148746
3 0.919355 0.191756 0.032258 0.071685
3 0.970262 0.109319 0.035282 0.161290
3 0.951613 0.177419 0.036290 0.114695