0 0.276714 0.376344 0.115927 0.146953
0 0.280746 0.580645 0.073589 0.168459
0 0.716734 0.502688 0.100806 0.116487
1 0.383569 0.588710 0.097782 0.109319
1 0.117440 0.169355 0.089718 0.073477
1 0.308972 0.126344 0.079637 0.127240
2 0.439516 0.479391 0.070565 0.105735
1 0.677419 0.368280 0.096774 0.077061
2 0.662298 0.215950 0.062500 0.145161
3 0.812500 0.100358 0.052419 0.175627
3 0.873488 0.068996 0.041331 0.137992
3 0.873992 0.157706 0.052419 0.082437
3 0.916331 0.080645 0.046371 0.139785
3 0.914315 0.172043 0.040323 0.093190
3 0.975302 0.101254 0.041331 0.141577
3 0.955645 0.188172 0.036290 0.125448
3 0.983367 0.204301 0.025202 0.114695