0 0.279738 0.376344 0.113911 0.143369
0 0.284274 0.551971 0.072581 0.157706
0 0.734879 0.345878 0.074597 0.182796
2 0.444052 0.327061 0.061492 0.137993
2 0.669859 0.102151 0.073589 0.136201
1 0.936492 0.327957 0.050403 0.082437
3 0.808972 0.103047 0.065524 0.141577
3 0.870464 0.064516 0.053427 0.125448
3 0.867440 0.157706 0.067540 0.100358
3 0.918347 0.071685 0.046371 0.143369
3 0.919355 0.173835 0.038306 0.086022
3 0.968750 0.091398 0.038306 0.157706
3 0.956149 0.178315 0.031250 0.112903
3 0.982863 0.206989 0.022177 0.087814