0 0.267641 0.363799 0.099798 0.136201
0 0.278226 0.547491 0.060484 0.137993
0 0.733871 0.341398 0.066532 0.188172
0 0.797883 0.301971 0.057460 0.177419
2 0.370464 0.410394 0.079637 0.107527
2 0.436492 0.470430 0.074597 0.112903
2 0.447077 0.327957 0.067540 0.168459
2 0.619960 0.086022 0.064516 0.125448
1 0.968750 0.312724 0.058468 0.066308
1 0.593246 0.409498 0.057460 0.170251
3 0.815020 0.088710 0.057460 0.173835
3 0.871976 0.071685 0.052419 0.132616
3 0.866431 0.156810 0.057460 0.084229
3 0.912802 0.078853 0.047379 0.136201
3 0.917843 0.197133 0.045363 0.100358
3 0.969758 0.096774 0.034274 0.179211