0 0.209173 0.647849 0.073589 0.159498
0 0.743448 0.706989 0.053427 0.163082
0 0.721270 0.493728 0.117944 0.091398
6 0.679940 0.630824 0.075605 0.179211
6 0.663306 0.290323 0.068548 0.114695
0 0.207157 0.502688 0.099798 0.109319
6 0.910282 0.836918 0.032258 0.089606
6 0.948589 0.905914 0.040323 0.120072
6 0.285786 0.805556 0.071573 0.123656
1 0.500000 0.422939 0.086694 0.143369
1 0.460685 0.533154 0.086694 0.123656
1 0.468246 0.636201 0.077621 0.111111
1 0.508065 0.728495 0.106855 0.105735
6 0.567036 0.957885 0.119960 0.062724