1 0.502520 0.431004 0.071573 0.094982
1 0.466734 0.577957 0.056452 0.127240
1 0.449093 0.758961 0.067540 0.087814
0 0.249496 0.543011 0.115927 0.050179
0 0.277218 0.629032 0.110887 0.089606
0 0.243952 0.698925 0.056452 0.172043
0 0.707157 0.547491 0.067540 0.123656
0 0.724294 0.462366 0.069556 0.161290
0 0.797883 0.465950 0.039315 0.136201
0 0.792843 0.699821 0.047379 0.109319
6 0.269657 0.913978 0.065524 0.150538
6 0.775202 0.241935 0.072581 0.143369
6 0.392137 0.562724 0.054435 0.157706
6 0.906754 0.439964 0.073589 0.112903
6 0.710181 0.215950 0.083669 0.127240
6 0.620968 0.605735 0.125000 0.093190