0 0.180948 0.461470 0.041331 0.155914
0 0.253024 0.552867 0.086694 0.098566
0 0.247480 0.628136 0.063508 0.134409
0 0.224294 0.706093 0.059476 0.139785
0 0.720766 0.497312 0.108871 0.077061
1 0.468750 0.407706 0.070565 0.137993
1 0.454637 0.524194 0.106855 0.077061
1 0.454133 0.624552 0.049395 0.091398
1 0.508569 0.764337 0.083669 0.080645
1 0.443548 0.779570 0.074597 0.096774
1 0.437500 0.892473 0.080645 0.078853
6 0.819556 0.369176 0.062500 0.125448
6 0.647177 0.281362 0.090726 0.103943
6 0.712702 0.177419 0.042339 0.132616
6 0.943044 0.378136 0.049395 0.096774