0 0.213710 0.493728 0.096774 0.120072
0 0.198085 0.717742 0.073589 0.134409
6 0.219758 0.938172 0.054435 0.123656
6 0.812500 0.925627 0.098790 0.084229
6 0.444556 0.232975 0.104839 0.082437
6 0.654738 0.172043 0.093750 0.096774
6 0.920363 0.230287 0.070565 0.102151
6 0.881552 0.405018 0.051411 0.164875
5 0.970766 0.597670 0.034274 0.112903
6 0.819556 0.163082 0.068548 0.157706
0 0.706149 0.521505 0.113911 0.089606
0 0.705141 0.639785 0.109879 0.089606
6 0.940020 0.776882 0.039315 0.141577
1 0.487903 0.401434 0.056452 0.172043
1 0.510585 0.542115 0.081653 0.091398
1 0.441532 0.801075 0.110887 0.082437
1 0.431452 0.890681 0.098790 0.111111
6 0.256552 0.620968 0.073589 0.102151
6 0.208669 0.174731 0.082661 0.084229