1 0.155746 0.685484 0.051411 0.170251
1 0.634073 0.569892 0.110887 0.089606
1 0.437500 0.767025 0.090726 0.111111
1 0.743448 0.839606 0.069556 0.091398
1 0.282258 0.502688 0.046371 0.145161
1 0.483367 0.504480 0.045363 0.195341
1 0.536794 0.622760 0.047379 0.184588
1 0.559476 0.323477 0.076613 0.116487
1 0.286794 0.205197 0.059476 0.127240
0 0.487399 0.231183 0.113911 0.086022
0 0.469758 0.342294 0.122984 0.086022
6 0.751512 0.177419 0.071573 0.082437
2 0.936492 0.582437 0.054435 0.096774
2 0.934980 0.681900 0.063508 0.102151
2 0.925403 0.951613 0.078629 0.093190