2 0.882056 0.345878 0.058468 0.100358
2 0.889617 0.453405 0.069556 0.107527
2 0.954133 0.569892 0.069556 0.103943
2 0.928931 0.673835 0.063508 0.100358
0 0.472278 0.353047 0.115927 0.089606
0 0.485383 0.224014 0.099798 0.071685
1 0.291331 0.183692 0.042339 0.123656
1 0.634073 0.425627 0.098790 0.091398
1 0.716734 0.500896 0.082661 0.123656
1 0.726310 0.663082 0.097782 0.118280
1 0.389113 0.693548 0.046371 0.179211
1 0.155746 0.672043 0.037298 0.150538
1 0.195060 0.932796 0.089718 0.127240
1 0.454637 0.915771 0.090726 0.111111