6 0.661794 0.176523 0.097782 0.087814
6 0.725806 0.210573 0.082661 0.141577
0 0.217742 0.489247 0.108871 0.129032
0 0.203629 0.724014 0.076613 0.136201
6 0.174899 0.838710 0.071573 0.107527
6 0.709173 0.663978 0.069556 0.159498
6 0.771169 0.756272 0.096774 0.096774
6 0.881552 0.405018 0.039315 0.168459
6 0.934980 0.353943 0.041331 0.163082
6 0.951109 0.455197 0.045363 0.143369
1 0.484375 0.402330 0.047379 0.177419
1 0.509577 0.539427 0.077621 0.086022
1 0.521673 0.687276 0.095766 0.069892
1 0.446573 0.779570 0.082661 0.075269
1 0.433468 0.878136 0.088710 0.082437
6 0.341734 0.929211 0.068548 0.105735
6 0.813004 0.922043 0.089718 0.069892
6 0.403226 0.246416 0.100806 0.087814