1 0.272177 0.181900 0.044355 0.130824
1 0.184476 0.562724 0.070565 0.068100
1 0.167339 0.903226 0.054435 0.179211
1 0.371472 0.818100 0.043347 0.184588
1 0.510585 0.842294 0.051411 0.189964
1 0.754536 0.475806 0.069556 0.155914
1 0.729839 0.202509 0.072581 0.071685
1 0.697581 0.133513 0.066532 0.084229
1 0.544355 0.127240 0.086694 0.139785
0 0.461190 0.381720 0.077621 0.182796
0 0.364919 0.396953 0.072581 0.191756
0 0.482863 0.227599 0.104839 0.082437
2 0.884577 0.436380 0.079637 0.112903
2 0.954637 0.485663 0.058468 0.161290
2 0.897681 0.594982 0.087702 0.129032
2 0.927923 0.859319 0.071573 0.094982
2 0.917843 0.200717 0.061492 0.107527