0 0.345766 0.359319 0.064516 0.170251
0 0.388105 0.400538 0.052419 0.191756
0 0.442036 0.349462 0.045363 0.121864
0 0.495968 0.270609 0.118952 0.060932
0 0.474294 0.197133 0.081653 0.139785
6 0.553931 0.118280 0.091734 0.093190
1 0.720766 0.158602 0.056452 0.181004
1 0.694052 0.536738 0.117944 0.084229
1 0.472278 0.512545 0.085685 0.086022
2 0.921875 0.193548 0.057460 0.093190
2 0.890121 0.399642 0.066532 0.118280
2 0.945565 0.303763 0.070565 0.120072
2 0.880040 0.590502 0.088710 0.155914
2 0.924899 0.866487 0.075605 0.084229