0 0.182460 0.453405 0.046371 0.200717
0 0.242944 0.587814 0.080645 0.089606
0 0.247480 0.709677 0.083669 0.172043
0 0.776210 0.448029 0.056452 0.168459
0 0.732863 0.698925 0.050403 0.211470
6 0.705141 0.256272 0.061492 0.189964
6 0.876008 0.406810 0.046371 0.143369
6 0.768649 0.163978 0.065524 0.148746
6 0.959677 0.472222 0.048387 0.134409
5 0.973790 0.218638 0.034274 0.071685
1 0.480343 0.402330 0.045363 0.170251
1 0.443548 0.548387 0.092742 0.082437
1 0.514113 0.679211 0.088710 0.075269
1 0.427923 0.748208 0.095766 0.080645
1 0.499496 0.904122 0.089718 0.073477
0 0.337198 0.925627 0.093750 0.098566
6 0.539315 0.799283 0.110887 0.125448