0 0.413306 0.410394 0.042339 0.200717
1 0.635081 0.564516 0.092742 0.172043
1 0.534778 0.615591 0.047379 0.159498
1 0.351815 0.860215 0.056452 0.182796
2 0.920867 0.191756 0.059476 0.096774
2 0.929940 0.295699 0.065524 0.093190
2 0.950605 0.460573 0.070565 0.150538
2 0.866431 0.341398 0.061492 0.094982
2 0.869456 0.463262 0.063508 0.087814
2 0.887097 0.648746 0.054435 0.103943
2 0.939012 0.680108 0.071573 0.091398
2 0.872480 0.763441 0.097782 0.078853
2 0.933468 0.852151 0.058468 0.094982
2 0.916331 0.948925 0.060484 0.098566