0 0.244960 0.602151 0.112903 0.118280
1 0.476310 0.424731 0.081653 0.168459
0 0.729839 0.484767 0.092742 0.123656
0 0.738911 0.732975 0.048387 0.175627
6 0.689516 0.752688 0.064516 0.136201
1 0.431452 0.610215 0.100806 0.073477
1 0.445565 0.755376 0.086694 0.051971
1 0.482863 0.672939 0.094758 0.069892
1 0.485887 0.900538 0.102823 0.066308
6 0.714214 0.206989 0.069556 0.163082
6 0.873992 0.407706 0.046371 0.173835
6 0.945565 0.525090 0.046371 0.093190
6 0.912298 0.349462 0.048387 0.129032
6 0.239919 0.913978 0.074597 0.107527
6 0.345262 0.916667 0.097782 0.087814
6 0.586694 0.929211 0.072581 0.127240