3 0.149698 0.101254 0.057460 0.137993
5 0.655242 0.170251 0.127016 0.068100
4 0.770665 0.711470 0.057460 0.121864
4 0.159778 0.913082 0.059476 0.130824
0 0.233367 0.497312 0.105847 0.120072
0 0.266129 0.594086 0.129032 0.051971
0 0.238407 0.694444 0.113911 0.091398
1 0.462198 0.484767 0.077621 0.109319
1 0.521169 0.535842 0.096774 0.068100
1 0.473790 0.727599 0.054435 0.150538
5 0.534274 0.908602 0.058468 0.143369
1 0.429435 0.891577 0.084677 0.080645
0 0.760585 0.443548 0.073589 0.188172
0 0.695565 0.566308 0.133065 0.068100