0 0.138105 0.488351 0.058468 0.137993
0 0.686996 0.577061 0.119960 0.078853
0 0.733871 0.723118 0.060484 0.181004
0 0.752520 0.461470 0.099798 0.112903
6 0.655746 0.749104 0.075605 0.146953
1 0.468750 0.420251 0.048387 0.170251
1 0.529234 0.489247 0.100806 0.075269
1 0.496976 0.580645 0.064516 0.129032
1 0.423891 0.606631 0.085685 0.077061
1 0.496472 0.672939 0.109879 0.059140
1 0.451613 0.759857 0.080645 0.071685
1 0.496472 0.912186 0.097782 0.100358
6 0.704133 0.220430 0.047379 0.175627
6 0.359375 0.732079 0.061492 0.145161
6 0.944052 0.527778 0.035282 0.137993
6 0.907762 0.359319 0.041331 0.123656
6 0.871976 0.413978 0.038306 0.161290