0 0.176411 0.442652 0.054435 0.197133
0 0.242440 0.538530 0.087702 0.173835
6 0.412802 0.183692 0.073589 0.177419
6 0.702621 0.198029 0.052419 0.184588
0 0.750504 0.435484 0.063508 0.193548
0 0.700101 0.639785 0.073589 0.118280
0 0.743952 0.715950 0.072581 0.159498
6 0.926411 0.235663 0.056452 0.112903
6 0.914315 0.361111 0.048387 0.130824
6 0.945565 0.534050 0.042339 0.107527
6 0.918347 0.836918 0.046371 0.075269
6 0.871976 0.419355 0.034274 0.164875
1 0.500000 0.471326 0.082661 0.078853
1 0.506552 0.638889 0.087702 0.112903
1 0.426411 0.672939 0.082661 0.087814
1 0.448085 0.752688 0.089718 0.075269
1 0.441028 0.833333 0.079637 0.093190
1 0.484879 0.904122 0.116935 0.055556