0 0.239919 0.525986 0.088710 0.159498
0 0.747984 0.432796 0.062500 0.173835
0 0.696069 0.645161 0.099798 0.139785
0 0.735887 0.704301 0.060484 0.175627
6 0.682964 0.179211 0.057460 0.157706
5 0.925907 0.229391 0.055444 0.103943
6 0.924899 0.377240 0.047379 0.148746
6 0.936996 0.536738 0.037298 0.109319
6 0.733367 0.875448 0.089718 0.141577
6 0.337198 0.909498 0.049395 0.152330
1 0.511089 0.629032 0.092742 0.103943
1 0.516129 0.482975 0.106855 0.098566
6 0.583165 0.778674 0.109879 0.066308
6 0.419859 0.937276 0.083669 0.103943
6 0.377520 0.552867 0.095766 0.148746