0 0.250000 0.527778 0.078629 0.188172
6 0.327621 0.623656 0.104839 0.143369
0 0.715726 0.491935 0.106855 0.091398
0 0.727319 0.679211 0.055444 0.207885
6 0.657762 0.221326 0.087702 0.105735
6 0.813508 0.793011 0.106855 0.084229
1 0.505544 0.487455 0.099798 0.093190
1 0.444556 0.577957 0.074597 0.087814
1 0.517641 0.636201 0.075605 0.096774
1 0.469758 0.701613 0.072581 0.109319
1 0.456149 0.797491 0.085685 0.118280
6 0.330141 0.921147 0.059476 0.157706
6 0.925403 0.387097 0.050403 0.172043
6 0.941028 0.543907 0.039315 0.120072
5 0.922379 0.227599 0.050403 0.100358
4 0.112399 0.183692 0.043347 0.137993
1 0.494960 0.881720 0.088710 0.093190