0 0.197581 0.491935 0.094758 0.145161
0 0.165827 0.722222 0.055444 0.136201
0 0.712198 0.510753 0.103831 0.089606
0 0.705141 0.655018 0.107863 0.127240
6 0.563508 0.217742 0.082661 0.109319
6 0.591230 0.268817 0.095766 0.143369
6 0.747480 0.937276 0.065524 0.086022
1 0.441028 0.595878 0.089718 0.105735
1 0.446069 0.682796 0.089718 0.089606
1 0.478327 0.787634 0.049395 0.105735
1 0.452621 0.967742 0.064516 0.060932
6 0.706653 0.295699 0.086694 0.121864
6 0.824597 0.321685 0.046371 0.145161
6 0.868448 0.244624 0.077621 0.084229
6 0.655242 0.413978 0.096774 0.075269