0 0.229839 0.738351 0.082661 0.172043
6 0.705645 0.301971 0.054435 0.116487
0 0.734375 0.474910 0.103831 0.093190
0 0.709173 0.644265 0.117944 0.098566
0 0.654234 0.198925 0.060484 0.154122
1 0.501008 0.514337 0.068548 0.139785
6 0.827117 0.329749 0.047379 0.161290
6 0.908770 0.766129 0.035282 0.184588
6 0.801915 0.685484 0.075605 0.112903
6 0.766129 0.938172 0.050403 0.112903
1 0.448085 0.612007 0.097782 0.094982
1 0.463206 0.726703 0.043347 0.148746
1 0.472782 0.852151 0.044355 0.094982
1 0.433468 0.898746 0.094758 0.062724
1 0.465222 0.962366 0.073589 0.064516