0 0.260081 0.612903 0.112903 0.078853
0 0.733367 0.484767 0.117944 0.098566
0 0.698589 0.605735 0.114919 0.107527
0 0.756552 0.677419 0.101815 0.075269
6 0.685484 0.290323 0.090726 0.125448
6 0.684980 0.146057 0.083669 0.094982
6 0.676411 0.758961 0.120968 0.105735
6 0.822077 0.318996 0.075605 0.121864
5 0.877520 0.241039 0.067540 0.087814
1 0.502520 0.492832 0.051411 0.172043
1 0.453629 0.577957 0.058468 0.123656
1 0.442036 0.688172 0.081653 0.064516
1 0.490927 0.792115 0.058468 0.139785
1 0.440020 0.893369 0.073589 0.069892
6 0.961190 0.548387 0.037298 0.154122
6 0.152218 0.929211 0.068548 0.141577