0 0.182460 0.481183 0.062500 0.155914
0 0.276714 0.613799 0.113911 0.091398
0 0.237399 0.708781 0.095766 0.127240
0 0.165827 0.729391 0.049395 0.150538
0 0.727823 0.485663 0.112903 0.107527
0 0.762601 0.725806 0.071573 0.186380
6 0.699597 0.331541 0.048387 0.139785
6 0.353831 0.255376 0.076613 0.170251
6 0.679435 0.867384 0.086694 0.121864
6 0.409778 0.790323 0.057460 0.186380
5 0.872480 0.228495 0.059476 0.109319
1 0.505040 0.463262 0.096774 0.059140
1 0.494456 0.542115 0.093750 0.084229
1 0.450101 0.639785 0.069556 0.150538
1 0.489415 0.781362 0.073589 0.118280
1 0.464214 0.871864 0.049395 0.087814
6 0.399698 0.945341 0.075605 0.105735