0 0.180948 0.482975 0.065524 0.152330
0 0.265625 0.615591 0.119960 0.091398
0 0.214718 0.717742 0.078629 0.155914
5 0.824093 0.316308 0.063508 0.109319
0 0.729839 0.487455 0.116935 0.093190
0 0.759073 0.729391 0.042339 0.204301
0 0.813508 0.715054 0.054435 0.146953
6 0.620464 0.663082 0.047379 0.161290
6 0.701109 0.317204 0.053427 0.150538
6 0.266129 0.344982 0.090726 0.098566
1 0.520665 0.440860 0.085685 0.093190
1 0.498992 0.538530 0.068548 0.127240
1 0.458669 0.629032 0.064516 0.143369
1 0.483871 0.788530 0.058468 0.100358
1 0.467742 0.881720 0.056452 0.136201
6 0.402218 0.741039 0.062500 0.184588
5 0.880544 0.237455 0.055444 0.109319
6 0.133065 0.825269 0.090726 0.105735