0 0.449093 0.407706 0.075605 0.213262
0 0.490927 0.338710 0.108871 0.093190
0 0.474798 0.193548 0.125000 0.111111
1 0.531754 0.531362 0.043347 0.195341
1 0.193044 0.380824 0.087702 0.137993
1 0.720766 0.487455 0.102823 0.064516
1 0.640625 0.399642 0.045363 0.161290
1 0.599294 0.184588 0.103831 0.071685
2 0.923891 0.729391 0.105847 0.078853
2 0.927419 0.826165 0.068548 0.089606
2 0.931452 0.946237 0.070565 0.086022
1 0.643145 0.850358 0.080645 0.127240
1 0.434476 0.902330 0.050403 0.148746
1 0.297379 0.736559 0.054435 0.157706
1 0.391129 0.612903 0.052419 0.197133
1 0.881552 0.433692 0.027218 0.157706