6 0.214214 0.228495 0.083669 0.105735
6 0.113911 0.343190 0.048387 0.145161
0 0.477319 0.253584 0.093750 0.069892
0 0.473790 0.316308 0.100806 0.069892
0 0.435988 0.391577 0.047379 0.145161
1 0.396673 0.605735 0.071573 0.168459
1 0.350806 0.412186 0.096774 0.075269
1 0.179940 0.514337 0.073589 0.121864
1 0.727319 0.350358 0.041331 0.181004
1 0.689516 0.281362 0.038306 0.204301
2 0.890121 0.583333 0.076613 0.102151
2 0.919355 0.725806 0.100806 0.089606
2 0.932460 0.845878 0.080645 0.111111
2 0.935484 0.950717 0.060484 0.084229