0 0.346270 0.396057 0.069556 0.136201
0 0.429435 0.409498 0.082661 0.177419
0 0.476815 0.324373 0.100806 0.089606
0 0.485383 0.262545 0.109879 0.073477
1 0.704133 0.489247 0.037298 0.186380
2 0.885081 0.568100 0.054435 0.107527
2 0.888105 0.405018 0.048387 0.086022
2 0.944052 0.382616 0.047379 0.084229
2 0.923891 0.733871 0.099798 0.066308
2 0.928427 0.818100 0.072581 0.073477
2 0.936996 0.958781 0.069556 0.082437
2 0.873992 0.861111 0.064516 0.123656
6 0.210181 0.227599 0.075605 0.107527
6 0.690524 0.293011 0.074597 0.155914
1 0.339718 0.576165 0.060484 0.177419