0 0.264617 0.612007 0.115927 0.080645
0 0.690020 0.566308 0.117944 0.075269
0 0.765121 0.449821 0.070565 0.186380
6 0.390625 0.671147 0.051411 0.206093
6 0.410786 0.872760 0.087702 0.103943
6 0.704637 0.309140 0.044355 0.170251
6 0.831149 0.313620 0.075605 0.136201
6 0.708165 0.820789 0.055444 0.146953
6 0.811492 0.905914 0.086694 0.137993
6 0.911794 0.543011 0.041331 0.139785
1 0.498488 0.445341 0.093750 0.080645
1 0.502016 0.569892 0.068548 0.089606
1 0.453629 0.701613 0.052419 0.145161
6 0.258569 0.344086 0.087702 0.096774
6 0.794355 0.136201 0.076613 0.121864