0 0.215726 0.465950 0.072581 0.175627
0 0.259073 0.621864 0.116935 0.078853
0 0.761089 0.456989 0.066532 0.172043
0 0.694556 0.562724 0.116935 0.071685
0 0.756048 0.706093 0.058468 0.150538
6 0.703629 0.297491 0.060484 0.182796
6 0.829133 0.315412 0.073589 0.143369
6 0.907762 0.542115 0.047379 0.105735
6 0.706653 0.826165 0.050403 0.164875
6 0.571573 0.802867 0.102823 0.089606
6 0.396169 0.885305 0.070565 0.089606
1 0.495464 0.456989 0.089718 0.100358
1 0.510081 0.587814 0.076613 0.118280
1 0.496976 0.809140 0.074597 0.123656
1 0.487903 0.931900 0.080645 0.111111