0 0.215726 0.488351 0.056452 0.181004
0 0.258065 0.623656 0.112903 0.071685
0 0.216230 0.735663 0.039315 0.170251
0 0.180948 0.724014 0.033266 0.146953
6 0.704133 0.921147 0.059476 0.146953
6 0.685988 0.433692 0.075605 0.164875
6 0.697077 0.271505 0.069556 0.134409
6 0.405242 0.795699 0.104839 0.071685
1 0.493448 0.493728 0.057460 0.069892
1 0.491935 0.672939 0.068548 0.137993
6 0.614415 0.189068 0.057460 0.166667
6 0.413810 0.959677 0.101815 0.069892
6 0.896673 0.422043 0.051411 0.134409
6 0.928427 0.552867 0.070565 0.073477
5 0.913306 0.712366 0.072581 0.098566