0 0.243952 0.522401 0.084677 0.152330
6 0.578125 0.339606 0.109879 0.098566
6 0.422883 0.321685 0.091734 0.137993
0 0.809980 0.437276 0.049395 0.168459
1 0.469254 0.726703 0.037298 0.112903
1 0.485887 0.529570 0.044355 0.152330
6 0.385585 0.940860 0.095766 0.082437
6 0.682964 0.932796 0.099798 0.087814
6 0.245464 0.882616 0.045363 0.177419
6 0.375000 0.148746 0.104839 0.082437
6 0.896169 0.425627 0.046371 0.152330
6 0.698589 0.312724 0.072581 0.155914
6 0.609879 0.180108 0.052419 0.170251
6 0.129032 0.926523 0.054435 0.136201
0 0.226310 0.681004 0.043347 0.161290
0 0.182964 0.721326 0.045363 0.159498