5 0.118448 0.344982 0.069556 0.094982
0 0.745968 0.439964 0.054435 0.184588
0 0.706653 0.532258 0.094758 0.136201
0 0.762601 0.705197 0.075605 0.177419
6 0.714214 0.891577 0.117944 0.098566
6 0.950605 0.475806 0.040323 0.123656
6 0.688004 0.248208 0.097782 0.116487
6 0.504032 0.295699 0.066532 0.168459
6 0.929435 0.874552 0.070565 0.068100
0 0.222782 0.714158 0.070565 0.145161
0 0.177419 0.482079 0.074597 0.182796
6 0.119960 0.861111 0.038306 0.116487
1 0.527722 0.455197 0.115927 0.078853
1 0.512097 0.537634 0.102823 0.064516
1 0.477319 0.719534 0.053427 0.152330
1 0.494456 0.852151 0.083669 0.166667