0 0.242440 0.691756 0.067540 0.168459
0 0.737903 0.443548 0.036290 0.198925
0 0.695060 0.533154 0.077621 0.127240
6 0.682460 0.240143 0.068548 0.154122
6 0.880544 0.209677 0.041331 0.129032
5 0.975806 0.329749 0.034274 0.111111
6 0.950101 0.498208 0.051411 0.121864
6 0.925403 0.869176 0.078629 0.093190
6 0.679435 0.896057 0.108871 0.093190
6 0.501512 0.311828 0.113911 0.093190
5 0.116431 0.343190 0.071573 0.105735
1 0.517137 0.457885 0.118952 0.069892
1 0.508065 0.536738 0.096774 0.073477
1 0.486391 0.727599 0.055444 0.143369
1 0.493448 0.840502 0.097782 0.100358
6 0.436996 0.577061 0.045363 0.186380