0 0.149194 0.482975 0.052419 0.134409
0 0.243952 0.633513 0.098790 0.134409
0 0.162802 0.724910 0.061492 0.148746
6 0.257056 0.768817 0.102823 0.096774
1 0.517641 0.455197 0.103831 0.107527
1 0.487399 0.730287 0.051411 0.130824
1 0.492944 0.853943 0.076613 0.141577
0 0.697077 0.539427 0.093750 0.154122
0 0.740423 0.444444 0.061492 0.175627
0 0.750504 0.734767 0.045363 0.172043
6 0.915827 0.876344 0.069556 0.125448
6 0.689516 0.882616 0.092742 0.077061
6 0.684980 0.243728 0.087702 0.132616
6 0.875504 0.212366 0.055444 0.134409
6 0.512097 0.276882 0.100806 0.120072
6 0.962702 0.518817 0.034274 0.148746
6 0.110383 0.819892 0.057460 0.123656