0 0.209677 0.468638 0.082661 0.155914
0 0.247984 0.629032 0.082661 0.157706
0 0.198589 0.727599 0.050403 0.172043
0 0.752016 0.451613 0.066532 0.186380
0 0.694052 0.551075 0.109879 0.130824
0 0.753024 0.728495 0.056452 0.220430
6 0.918851 0.866487 0.079637 0.091398
6 0.689516 0.887097 0.110887 0.086022
6 0.957157 0.516129 0.039315 0.129032
6 0.690524 0.238351 0.090726 0.139785
6 0.882560 0.223118 0.051411 0.145161
1 0.515121 0.455197 0.116935 0.082437
1 0.487399 0.728495 0.059476 0.130824
1 0.484879 0.860215 0.074597 0.150538
6 0.264617 0.798387 0.073589 0.102151