0 0.210685 0.473118 0.064516 0.186380
0 0.249496 0.639785 0.101815 0.139785
0 0.195565 0.734767 0.054435 0.157706
0 0.752016 0.453405 0.080645 0.146953
0 0.697077 0.550179 0.107863 0.100358
0 0.754536 0.731183 0.057460 0.204301
6 0.688508 0.904122 0.054435 0.127240
6 0.910282 0.853943 0.072581 0.051971
6 0.958165 0.536738 0.045363 0.112903
6 0.682460 0.231183 0.062500 0.154122
1 0.515121 0.462366 0.090726 0.089606
1 0.436996 0.594982 0.095766 0.096774
1 0.488911 0.721326 0.086694 0.127240
1 0.490423 0.856631 0.073589 0.150538
1 0.473286 0.966846 0.063508 0.051971