0 0.195565 0.449821 0.072581 0.211470
0 0.260585 0.637993 0.132056 0.071685
0 0.172883 0.741935 0.057460 0.146953
0 0.760585 0.449821 0.067540 0.146953
0 0.716230 0.469534 0.091734 0.129032
0 0.690524 0.555556 0.098790 0.107527
0 0.757056 0.719534 0.058468 0.181004
6 0.228327 0.816308 0.089718 0.188172
6 0.674899 0.230287 0.081653 0.127240
6 0.508569 0.137097 0.089718 0.120072
6 0.957661 0.571685 0.032258 0.089606
6 0.906250 0.862903 0.078629 0.055556
6 0.634073 0.914875 0.092742 0.127240
1 0.520665 0.432796 0.107863 0.087814
1 0.487399 0.521505 0.089718 0.107527
1 0.441028 0.573477 0.095766 0.064516
1 0.476815 0.673835 0.054435 0.168459
1 0.465726 0.929211 0.054435 0.105735