3 0.223286 0.134409 0.170363 0.086022
0 0.251008 0.536738 0.098790 0.080645
0 0.708669 0.477599 0.116935 0.109319
0 0.770665 0.471326 0.059476 0.125448
0 0.696069 0.558244 0.130040 0.102151
0 0.754536 0.728495 0.043347 0.220430
1 0.440524 0.561828 0.092742 0.069892
1 0.486895 0.826165 0.076613 0.118280
1 0.515625 0.431900 0.109879 0.100358
6 0.912802 0.856631 0.081653 0.082437
6 0.675403 0.232975 0.074597 0.129032
6 0.866935 0.289427 0.074597 0.109319
6 0.882560 0.488351 0.051411 0.170251
6 0.958165 0.569892 0.037298 0.121864
6 0.191028 0.857527 0.079637 0.077061
0 0.232863 0.734767 0.084677 0.125448