4 0.167339 0.157706 0.060484 0.136201
3 0.145161 0.373656 0.116935 0.120072
0 0.248992 0.512545 0.040323 0.164875
0 0.215726 0.733871 0.048387 0.166667
0 0.166331 0.744624 0.028226 0.170251
5 0.356351 0.681004 0.075605 0.150538
1 0.475302 0.644265 0.101815 0.094982
1 0.492944 0.782258 0.110887 0.091398
0 0.707661 0.487455 0.112903 0.057348
0 0.795363 0.455197 0.062500 0.146953
0 0.768145 0.702509 0.070565 0.164875
0 0.686996 0.585125 0.130040 0.087814
6 0.902722 0.586022 0.121976 0.121864
6 0.491935 0.429211 0.153226 0.102151
4 0.850302 0.804659 0.081653 0.107527
5 0.891129 0.221326 0.076613 0.123656