1 0.419355 0.506272 0.106855 0.109319
1 0.340222 0.413978 0.126008 0.057348
1 0.311492 0.276882 0.082661 0.109319
1 0.091230 0.403226 0.053427 0.114695
1 0.729335 0.545699 0.081653 0.091398
2 0.856855 0.172043 0.062500 0.093190
2 0.852319 0.257168 0.075605 0.091398
2 0.920363 0.217742 0.048387 0.102151
2 0.862399 0.365591 0.071573 0.093190
2 0.930444 0.389785 0.064516 0.102151
2 0.932460 0.501792 0.058468 0.089606
2 0.877016 0.477599 0.072581 0.109319
2 0.874496 0.632616 0.071573 0.132616
2 0.942036 0.632616 0.067540 0.125448
2 0.932460 0.758065 0.056452 0.096774
2 0.882056 0.770609 0.060484 0.093190
2 0.859879 0.886201 0.074597 0.080645
2 0.922379 0.881720 0.050403 0.107527
2 0.847278 0.954301 0.073589 0.069892
2 0.922883 0.967742 0.063508 0.064516