2 0.856351 0.180108 0.069556 0.102151
2 0.924395 0.225806 0.052419 0.096774
2 0.859375 0.257168 0.067540 0.091398
2 0.863407 0.358423 0.065524 0.103943
2 0.934476 0.388889 0.054435 0.089606
2 0.879032 0.460573 0.068548 0.111111
2 0.936996 0.492832 0.061492 0.089606
2 0.872984 0.621864 0.070565 0.114695
2 0.928427 0.628136 0.064516 0.112903
2 0.934476 0.746416 0.060484 0.098566
2 0.869960 0.767921 0.060484 0.109319
2 0.861391 0.890681 0.075605 0.086022
2 0.929435 0.879928 0.044355 0.103943
2 0.849294 0.954301 0.057460 0.077061
2 0.918851 0.955197 0.059476 0.075269
1 0.689012 0.181004 0.065524 0.207885
1 0.740423 0.558244 0.069556 0.137993
1 0.428427 0.491935 0.112903 0.127240
1 0.350302 0.439068 0.115927 0.068100
1 0.318548 0.273297 0.078629 0.109319
1 0.192540 0.122760 0.078629 0.094982