1 0.442540 0.442652 0.040323 0.200717
1 0.074597 0.236559 0.038306 0.164875
1 0.172883 0.779570 0.071573 0.157706
0 0.462702 0.172043 0.068548 0.164875
6 0.185484 0.124552 0.072581 0.116487
6 0.648185 0.528674 0.082661 0.136201
6 0.134073 0.527778 0.054435 0.152330
2 0.916835 0.223118 0.049395 0.094982
2 0.853831 0.173835 0.080645 0.086022
2 0.858871 0.264337 0.070565 0.094982
2 0.866935 0.370968 0.062500 0.107527
2 0.935484 0.383513 0.074597 0.114695
2 0.942036 0.495520 0.053427 0.091398
2 0.866935 0.497312 0.086694 0.091398
2 0.869456 0.626344 0.085685 0.098566
2 0.936996 0.623656 0.049395 0.111111
2 0.930444 0.749104 0.050403 0.129032
2 0.860887 0.757168 0.072581 0.102151
2 0.862399 0.894265 0.087702 0.068100
2 0.924395 0.879032 0.046371 0.102151
2 0.851310 0.959677 0.069556 0.073477
2 0.912802 0.971326 0.063508 0.050179