2 0.857359 0.172043 0.071573 0.100358
2 0.923891 0.224910 0.069556 0.098566
2 0.861895 0.264337 0.066532 0.091398
2 0.860383 0.371864 0.061492 0.109319
2 0.934476 0.385305 0.070565 0.121864
2 0.938508 0.490143 0.054435 0.098566
2 0.875000 0.629032 0.076613 0.114695
2 0.941532 0.625448 0.056452 0.107527
2 0.929940 0.747312 0.053427 0.129032
2 0.862903 0.757168 0.062500 0.109319
2 0.861391 0.887993 0.075605 0.084229
2 0.937500 0.885305 0.056452 0.111111
2 0.847278 0.966846 0.065524 0.062724
2 0.916331 0.970430 0.052419 0.048387
6 0.650202 0.519713 0.090726 0.107527
1 0.759577 0.526882 0.041331 0.150538
1 0.292843 0.421147 0.061492 0.157706
1 0.199093 0.128136 0.085685 0.077061
1 0.440020 0.526882 0.067540 0.211470
0 0.465726 0.224910 0.084677 0.134409