6 0.130040 0.370072 0.062500 0.120072
1 0.076109 0.275986 0.047379 0.157706
1 0.360887 0.500896 0.062500 0.184588
1 0.256552 0.735663 0.049395 0.159498
6 0.649698 0.528674 0.103831 0.114695
6 0.178427 0.809140 0.090726 0.077061
2 0.859375 0.174731 0.073589 0.091398
2 0.920363 0.218638 0.056452 0.086022
2 0.860887 0.257168 0.064516 0.091398
2 0.860887 0.357527 0.060484 0.102151
2 0.933972 0.395161 0.065524 0.109319
2 0.932964 0.493728 0.055444 0.080645
2 0.863911 0.501792 0.082661 0.078853
2 0.868952 0.619176 0.076613 0.098566
2 0.933468 0.630824 0.056452 0.107527
2 0.935484 0.752688 0.054435 0.114695
2 0.864415 0.767025 0.057460 0.103943
2 0.862399 0.885305 0.075605 0.068100
2 0.924395 0.885305 0.060484 0.103943
2 0.849294 0.962366 0.065524 0.075268
2 0.914315 0.970430 0.060484 0.055556
1 0.759577 0.543011 0.055444 0.154122
1 0.493952 0.215054 0.054435 0.182796