0 0.489919 0.226703 0.129032 0.066308
1 0.708669 0.517921 0.088710 0.111111
1 0.589214 0.343190 0.105847 0.091398
1 0.241935 0.283154 0.068548 0.111111
1 0.071573 0.288530 0.050403 0.157706
1 0.761593 0.570789 0.051411 0.166667
2 0.860887 0.172043 0.070565 0.082437
2 0.854839 0.259857 0.072581 0.086022
2 0.916331 0.224910 0.052419 0.098566
2 0.864919 0.353047 0.070565 0.089606
2 0.932460 0.383513 0.060484 0.111111
2 0.936492 0.497312 0.070565 0.109319
2 0.929940 0.625448 0.067540 0.111111
2 0.872480 0.617384 0.069556 0.109319
2 0.863911 0.767025 0.054435 0.107527
2 0.938508 0.752688 0.074597 0.111111
2 0.859879 0.890681 0.072581 0.086022
2 0.929435 0.879928 0.064516 0.107527
1 0.226310 0.711470 0.073589 0.107527