1 0.218246 0.710573 0.113911 0.123656
1 0.566532 0.508961 0.058468 0.225806
1 0.262601 0.301075 0.055444 0.175627
1 0.065020 0.287634 0.049395 0.152330
6 0.181956 0.810932 0.071573 0.087814
6 0.653730 0.516129 0.083669 0.125448
6 0.129032 0.368280 0.058468 0.127240
2 0.860383 0.170251 0.071573 0.096774
2 0.922883 0.216846 0.061492 0.100358
2 0.857863 0.261649 0.078629 0.082437
2 0.861391 0.363799 0.063508 0.093190
2 0.933468 0.387993 0.066532 0.112903
2 0.942036 0.491039 0.061492 0.093190
2 0.930444 0.620968 0.064516 0.112903
2 0.876008 0.624552 0.066532 0.127240
2 0.866431 0.766129 0.061492 0.102151
2 0.941532 0.750896 0.074597 0.107527
2 0.924899 0.879032 0.049395 0.105735
2 0.860383 0.883513 0.085685 0.071685
2 0.850806 0.959677 0.074597 0.062724
2 0.919859 0.969534 0.063508 0.053763