1 0.419355 0.460573 0.056452 0.157706
1 0.259073 0.849462 0.046371 0.172043
1 0.072077 0.287634 0.047379 0.134409
1 0.271673 0.360215 0.059476 0.186380
0 0.482863 0.226703 0.116935 0.087814
2 0.865927 0.186380 0.074597 0.096774
2 0.924395 0.238351 0.054435 0.118280
2 0.854839 0.263441 0.064516 0.086022
2 0.859375 0.362903 0.065524 0.094982
2 0.935484 0.390681 0.056452 0.103943
2 0.933972 0.496416 0.059476 0.089606
2 0.936996 0.627240 0.059476 0.089606
2 0.867944 0.613799 0.076613 0.105735
2 0.861895 0.751792 0.056452 0.102151
2 0.936492 0.743728 0.062500 0.111111
2 0.926915 0.872760 0.045363 0.093190
2 0.858871 0.887097 0.072581 0.086022
2 0.856351 0.960573 0.069556 0.057348
2 0.918347 0.961470 0.050403 0.066308