2 0.863911 0.181004 0.074597 0.103943
2 0.928931 0.241935 0.057460 0.132616
2 0.859375 0.265233 0.057460 0.086022
2 0.868952 0.371864 0.072581 0.116487
2 0.933972 0.393369 0.061492 0.116487
2 0.943548 0.502688 0.062500 0.112903
2 0.936492 0.639785 0.058468 0.125448
2 0.871472 0.622760 0.061492 0.116487
2 0.860383 0.760753 0.061492 0.098566
2 0.941028 0.759857 0.065524 0.103943
2 0.920867 0.880824 0.049395 0.094982
2 0.865423 0.894265 0.079637 0.075269
2 0.853831 0.963262 0.070565 0.066308
2 0.919355 0.965950 0.042339 0.064516
1 0.289315 0.378136 0.076613 0.168459
1 0.218750 0.238351 0.098790 0.068100
1 0.237399 0.103047 0.053427 0.080645
1 0.128024 0.370072 0.054435 0.141577
1 0.067540 0.296595 0.030242 0.163082