2 0.857863 0.265233 0.068548 0.096774
2 0.935484 0.194444 0.050403 0.105735
2 0.866935 0.173835 0.070565 0.089606
2 0.862903 0.353047 0.060484 0.089606
2 0.953125 0.376344 0.057460 0.136201
2 0.872480 0.637993 0.077621 0.132616
2 0.938004 0.626344 0.047379 0.123656
2 0.930948 0.757168 0.061492 0.102151
2 0.869456 0.765233 0.067540 0.093190
2 0.856351 0.887097 0.077621 0.082437
2 0.923387 0.879032 0.056452 0.084229
2 0.849294 0.960573 0.059476 0.064516
2 0.909274 0.965054 0.066532 0.062724
1 0.598286 0.443548 0.049395 0.195341
1 0.682460 0.507168 0.056452 0.168459
1 0.727319 0.192652 0.077621 0.145161
1 0.486895 0.625448 0.092742 0.132616
1 0.531754 0.853943 0.097782 0.127240
1 0.235383 0.094982 0.061492 0.078853
1 0.078125 0.271505 0.055444 0.130824
1 0.098790 0.160394 0.054435 0.051971
6 0.123992 0.379928 0.062500 0.132616