6 0.123488 0.367384 0.061492 0.132616
6 0.676411 0.426523 0.062500 0.136201
1 0.077117 0.272401 0.039315 0.139785
1 0.263105 0.751792 0.066532 0.177419
1 0.623488 0.310932 0.041331 0.198925
1 0.229839 0.091398 0.046371 0.064516
2 0.859879 0.259857 0.064516 0.086022
2 0.860887 0.348566 0.068548 0.084229
2 0.873488 0.629032 0.065524 0.111111
2 0.932460 0.625448 0.064516 0.129032
2 0.930948 0.752688 0.049395 0.093190
2 0.861391 0.758961 0.065524 0.084229
2 0.862903 0.902330 0.074597 0.077061
2 0.919355 0.883513 0.070565 0.089606
2 0.925907 0.971326 0.049395 0.057348
2 0.843750 0.960573 0.084677 0.068100
1 0.623992 0.704301 0.122984 0.103943
1 0.189012 0.347670 0.063508 0.086022