1 0.405242 0.413978 0.060484 0.211470
1 0.542339 0.621864 0.120968 0.075269
1 0.455645 0.956989 0.112903 0.086022
1 0.233367 0.092294 0.055444 0.094982
1 0.070565 0.287634 0.052419 0.141577
6 0.671371 0.420251 0.074597 0.148746
2 0.869960 0.184588 0.060484 0.093190
2 0.863911 0.261649 0.060484 0.082437
2 0.860887 0.342294 0.062500 0.078853
2 0.954133 0.396057 0.059476 0.172043
2 0.873992 0.629928 0.080645 0.116487
2 0.937500 0.621864 0.066532 0.121864
2 0.934476 0.749104 0.060484 0.089606
2 0.867440 0.764337 0.071573 0.094982
2 0.875504 0.884409 0.075605 0.059140
2 0.926915 0.881720 0.043347 0.093190
2 0.851815 0.956989 0.068548 0.075269
2 0.917339 0.969534 0.046371 0.053763