0 0.150706 0.491935 0.059476 0.148746
0 0.196573 0.490143 0.036290 0.184588
0 0.240423 0.485663 0.095766 0.136201
0 0.267641 0.593190 0.134073 0.078853
0 0.255544 0.667563 0.077621 0.134409
0 0.225302 0.712366 0.055444 0.148746
0 0.192540 0.720430 0.072581 0.139785
1 0.497984 0.527778 0.088710 0.123656
1 0.511593 0.652330 0.085685 0.096774
1 0.507560 0.808244 0.113911 0.096774
5 0.519657 0.146953 0.099798 0.143369
0 0.743448 0.444444 0.055444 0.197133
0 0.703629 0.529570 0.102823 0.066308
0 0.693044 0.591398 0.119960 0.043011
0 0.716734 0.686380 0.064516 0.168459
0 0.750504 0.710573 0.033266 0.209677
5 0.863407 0.895161 0.099798 0.102151