3 0.115927 0.162186 0.046371 0.109319
0 0.255544 0.530466 0.119960 0.103943
0 0.258569 0.624552 0.128024 0.059140
0 0.219254 0.711470 0.103831 0.125448
4 0.119960 0.843190 0.048387 0.123656
3 0.328125 0.730287 0.117944 0.084229
1 0.494960 0.456093 0.088710 0.141577
1 0.489415 0.664875 0.105847 0.121864
1 0.495464 0.870968 0.115927 0.121864
5 0.777722 0.365591 0.091734 0.129032
0 0.725806 0.477599 0.127016 0.127240
0 0.691532 0.578853 0.118952 0.078853
0 0.766129 0.689964 0.064516 0.125448
4 0.843750 0.803763 0.070565 0.112903
5 0.886593 0.205197 0.045363 0.130824