1 0.409778 0.116487 0.049395 0.078853
1 0.677923 0.141577 0.041331 0.068100
1 0.728831 0.198029 0.064516 0.080645
1 0.650706 0.206989 0.029234 0.087814
1 0.613911 0.207885 0.034274 0.089606
1 0.576613 0.215950 0.028226 0.069892
1 0.520161 0.205197 0.044355 0.080645
1 0.474294 0.206093 0.033266 0.060932
1 0.371472 0.273297 0.039315 0.069892
1 0.417339 0.287634 0.034274 0.055556
1 0.434980 0.272401 0.037298 0.064516
1 0.518145 0.288530 0.040323 0.068100
1 0.575101 0.298387 0.049395 0.066308
1 0.618448 0.293907 0.033266 0.064516
1 0.662298 0.308244 0.048387 0.060932
1 0.730847 0.309140 0.046371 0.059140
1 0.789819 0.324373 0.043347 0.060932
1 0.368448 0.363799 0.029234 0.064516
1 0.453629 0.352151 0.036290 0.048387
1 0.497984 0.365591 0.026210 0.068100
1 0.591230 0.360215 0.039315 0.050179
1 0.634577 0.364695 0.039315 0.044803
1 0.707661 0.374552 0.034274 0.068100
1 0.406754 0.405914 0.029234 0.059140
1 0.441532 0.407706 0.046371 0.059140
1 0.543347 0.407706 0.034274 0.051971
1 0.575101 0.415771 0.029234 0.053763
1 0.602823 0.416667 0.036290 0.059140
1 0.634577 0.420251 0.039315 0.062724
1 0.758065 0.422939 0.030242 0.057348
1 0.802923 0.429211 0.029234 0.066308
1 0.424899 0.508065 0.043347 0.059140
1 0.450605 0.485663 0.032258 0.100358
1 0.511593 0.520609 0.037298 0.055556
1 0.556956 0.522401 0.035282 0.059140
1 0.625504 0.528674 0.037298 0.057348
1 0.664819 0.522401 0.037298 0.077061
1 0.705645 0.525090 0.036290 0.053763
1 0.744456 0.531362 0.051411 0.055556
1 0.778226 0.490143 0.034274 0.048387
1 0.827621 0.531362 0.040323 0.059140