1 0.405746 0.125448 0.041331 0.078853
1 0.701613 0.192652 0.042339 0.080645
1 0.652218 0.206093 0.028226 0.089606
1 0.615927 0.206989 0.042339 0.094982
1 0.575605 0.220430 0.032258 0.075269
1 0.517137 0.200717 0.030242 0.075269
1 0.475302 0.205197 0.031250 0.066308
1 0.377016 0.275090 0.046371 0.062724
1 0.423387 0.295699 0.040323 0.043011
1 0.445060 0.271505 0.045363 0.073477
1 0.369960 0.360215 0.034274 0.078853
1 0.404738 0.403226 0.043347 0.053763
1 0.442540 0.400538 0.032258 0.059140
1 0.450605 0.358423 0.038306 0.053763
1 0.498992 0.367384 0.030242 0.071685
1 0.544355 0.410394 0.032258 0.060932
1 0.570565 0.406810 0.032258 0.064516
1 0.599294 0.411290 0.031250 0.055556
1 0.634073 0.421147 0.042339 0.050179
1 0.521169 0.289427 0.032258 0.062724
1 0.543347 0.284050 0.026210 0.069892
1 0.577117 0.294803 0.037298 0.069892
1 0.618952 0.289427 0.038306 0.069892
1 0.667339 0.309140 0.034274 0.051971
1 0.733871 0.310932 0.038306 0.062724
1 0.792843 0.321685 0.047379 0.048387
1 0.801411 0.431004 0.028226 0.084229
1 0.755040 0.425627 0.036290 0.062724
1 0.704133 0.382616 0.039315 0.084229
1 0.424899 0.511649 0.047379 0.066308
1 0.453629 0.488351 0.034274 0.102151
1 0.516129 0.522401 0.044355 0.062724
1 0.558468 0.520609 0.048387 0.059140
1 0.615927 0.517921 0.056452 0.064516
1 0.660282 0.512545 0.040323 0.089606
1 0.704637 0.514337 0.036290 0.071685
1 0.745464 0.519713 0.045363 0.064516
1 0.834677 0.524194 0.040323 0.055556
2 0.785282 0.708781 0.062500 0.098566