1 0.407258 0.123656 0.038306 0.082437
1 0.477823 0.213262 0.036290 0.068100
1 0.509073 0.204301 0.046371 0.060932
1 0.575605 0.220430 0.024194 0.082437
1 0.676915 0.147849 0.039315 0.077061
1 0.617944 0.215054 0.042339 0.082437
1 0.650706 0.202509 0.033266 0.078853
1 0.692036 0.219534 0.043347 0.066308
1 0.369960 0.279570 0.032258 0.071685
1 0.421875 0.296595 0.033266 0.051971
1 0.440020 0.277778 0.043347 0.050179
1 0.522177 0.293011 0.030242 0.069892
1 0.546875 0.289427 0.029234 0.080645
1 0.575605 0.302867 0.034274 0.075269
1 0.621472 0.294803 0.035282 0.062724
1 0.663810 0.314516 0.037298 0.062724
1 0.736895 0.314516 0.042339 0.080645
1 0.791835 0.327061 0.049395 0.062724
1 0.376008 0.353943 0.034274 0.055556
1 0.412802 0.408602 0.031250 0.064516
1 0.454133 0.402330 0.033266 0.062724
1 0.499496 0.366487 0.025202 0.073477
1 0.543851 0.407706 0.031250 0.048387
1 0.598286 0.411290 0.031250 0.055556
1 0.637097 0.426523 0.036290 0.050179
1 0.759073 0.425627 0.030242 0.066308
1 0.804435 0.432796 0.024194 0.094982
1 0.427923 0.516129 0.045363 0.057348
1 0.519657 0.515233 0.039315 0.073477
1 0.561996 0.517921 0.041331 0.064516
1 0.625504 0.527778 0.037298 0.073477
1 0.662298 0.525090 0.038306 0.071685
1 0.704133 0.524194 0.039315 0.062724
1 0.743448 0.525986 0.041331 0.055556
1 0.816532 0.505376 0.054435 0.086022
2 0.800907 0.760753 0.045363 0.102151
2 0.897681 0.713262 0.069556 0.071685