1 0.400202 0.122760 0.058468 0.077061
1 0.676915 0.134409 0.037298 0.075269
1 0.696573 0.212366 0.030242 0.066308
1 0.655242 0.206093 0.040323 0.086022
1 0.613911 0.209677 0.032258 0.086022
1 0.577621 0.222222 0.026210 0.082437
1 0.511089 0.196237 0.038306 0.069892
1 0.474798 0.198029 0.036290 0.077061
1 0.370968 0.277778 0.030242 0.071685
1 0.420363 0.301971 0.032258 0.034050
1 0.436996 0.275090 0.045363 0.062724
1 0.521673 0.292115 0.025202 0.064516
1 0.547883 0.293011 0.025202 0.062724
1 0.581653 0.293907 0.034274 0.071685
1 0.621976 0.293011 0.036290 0.069892
1 0.668851 0.310036 0.039315 0.060932
1 0.728327 0.312724 0.049395 0.069892
1 0.796875 0.328853 0.037298 0.066308
1 0.370968 0.359319 0.024194 0.059140
1 0.446069 0.350358 0.037298 0.048387
1 0.502520 0.360215 0.037298 0.064516
1 0.540827 0.358423 0.033266 0.039427
1 0.636089 0.362903 0.030242 0.041219
1 0.709173 0.370072 0.033266 0.069892
1 0.405242 0.401434 0.034274 0.060932
1 0.445060 0.401434 0.041331 0.050179
1 0.542339 0.408602 0.034274 0.060932
1 0.573085 0.408602 0.027218 0.046595
1 0.802419 0.431900 0.026210 0.082437
1 0.762097 0.422043 0.038306 0.084229
1 0.453125 0.474910 0.047379 0.086022
1 0.517641 0.504480 0.035282 0.073477
1 0.560988 0.518817 0.033266 0.051971
1 0.589718 0.497312 0.028226 0.077061
1 0.628528 0.517025 0.025202 0.059140
1 0.666835 0.516129 0.031250 0.078853
1 0.705645 0.518817 0.030242 0.051971
1 0.746976 0.524194 0.034274 0.062724
1 0.783770 0.525986 0.027218 0.059140
1 0.813004 0.517025 0.025202 0.059140
1 0.839214 0.513441 0.031250 0.069892
1 0.367944 0.603047 0.044355 0.073477
2 0.862903 0.775986 0.058468 0.086022
2 0.891129 0.709677 0.054435 0.060932