1 0.402722 0.122760 0.047379 0.073477
1 0.673891 0.131720 0.033266 0.069892
1 0.704637 0.202509 0.042339 0.075269
1 0.654738 0.198925 0.037298 0.086022
1 0.615423 0.212366 0.037298 0.077061
1 0.578125 0.215054 0.033266 0.082437
1 0.518649 0.203405 0.031250 0.073477
1 0.471774 0.203405 0.026210 0.062724
1 0.370968 0.275986 0.028226 0.075269
1 0.420363 0.291219 0.032258 0.037634
1 0.519657 0.286738 0.027218 0.064516
1 0.618952 0.284946 0.036290 0.075269
1 0.668347 0.309140 0.038306 0.073477
1 0.734375 0.310932 0.037298 0.069892
1 0.798891 0.326165 0.045363 0.064516
1 0.404234 0.405914 0.032258 0.069892
1 0.500504 0.360215 0.031250 0.075269
1 0.540323 0.354839 0.034274 0.053763
1 0.585685 0.362007 0.042339 0.053763
1 0.635585 0.362903 0.035282 0.051971
1 0.707157 0.367384 0.031250 0.103943
1 0.802923 0.428315 0.029234 0.060932
1 0.756552 0.415771 0.039315 0.057348
1 0.543851 0.411290 0.031250 0.059140
1 0.603327 0.418459 0.037298 0.069892
1 0.639113 0.420251 0.038306 0.069892
1 0.454637 0.480287 0.040323 0.093190
1 0.558972 0.508065 0.043347 0.062724
1 0.621976 0.517921 0.042339 0.057348
1 0.665827 0.526882 0.033266 0.075269
1 0.704133 0.521505 0.035282 0.068100
1 0.744456 0.526882 0.049395 0.050179
1 0.781754 0.519713 0.031250 0.064516
1 0.820060 0.514337 0.035282 0.068100
1 0.445060 0.396057 0.057460 0.060932
1 0.366935 0.365591 0.038306 0.075269
2 0.871976 0.815412 0.056452 0.082437