1 0.407258 0.113799 0.054435 0.087814
1 0.506048 0.155914 0.028226 0.093190
1 0.472278 0.206093 0.025202 0.071685
1 0.675403 0.144265 0.028226 0.080645
1 0.696573 0.206093 0.032258 0.064516
1 0.653730 0.206989 0.049395 0.084229
1 0.613407 0.210573 0.037298 0.087814
1 0.575101 0.219534 0.035282 0.080645
1 0.365927 0.253584 0.026210 0.062724
1 0.416835 0.294803 0.033266 0.051971
1 0.435484 0.270609 0.028226 0.057348
1 0.517137 0.284946 0.030242 0.075269
1 0.545363 0.281362 0.028226 0.093190
1 0.577117 0.297491 0.037298 0.071685
1 0.616935 0.293011 0.048387 0.069892
1 0.667843 0.301971 0.039315 0.066308
1 0.735383 0.308244 0.035282 0.060932
1 0.793347 0.319892 0.034274 0.059140
1 0.369960 0.353943 0.032258 0.080645
1 0.443548 0.349462 0.038306 0.057348
1 0.494960 0.356631 0.040323 0.064516
1 0.541835 0.356631 0.043347 0.046595
1 0.591734 0.366487 0.042339 0.062724
1 0.634577 0.369176 0.029234 0.057348
1 0.707157 0.367384 0.031250 0.096774
1 0.805444 0.431900 0.026210 0.089606
1 0.757056 0.419355 0.034274 0.075269
1 0.445565 0.406810 0.030242 0.057348
1 0.400706 0.398746 0.035282 0.080645
1 0.541331 0.408602 0.052419 0.057348
1 0.601310 0.422939 0.023185 0.050179
1 0.637601 0.422939 0.027218 0.043011
1 0.431452 0.517921 0.040323 0.060932
1 0.458165 0.492832 0.035282 0.089606
1 0.514617 0.515233 0.037298 0.066308
1 0.555948 0.516129 0.035282 0.071685
1 0.587702 0.485663 0.038306 0.093190
1 0.626008 0.523297 0.032258 0.050179
1 0.663810 0.522401 0.037298 0.066308
1 0.703125 0.523297 0.037298 0.075269
1 0.746976 0.520609 0.034274 0.073477
1 0.787802 0.526882 0.029234 0.075269
1 0.820060 0.523297 0.025202 0.064516