1 0.410282 0.115591 0.040323 0.077061
1 0.475302 0.202509 0.049395 0.071685
1 0.505040 0.177419 0.034274 0.075269
1 0.675907 0.139785 0.033266 0.082437
1 0.697581 0.215054 0.034274 0.057348
1 0.577117 0.210573 0.031250 0.087814
1 0.615423 0.218638 0.041331 0.071685
1 0.649698 0.198029 0.049395 0.098566
1 0.369456 0.248208 0.037298 0.077061
1 0.416835 0.294803 0.035282 0.037634
1 0.436492 0.257168 0.034274 0.051971
1 0.521169 0.285842 0.034274 0.048387
1 0.547883 0.276882 0.031250 0.073477
1 0.580645 0.287634 0.042339 0.077061
1 0.620968 0.291219 0.034274 0.069892
1 0.668347 0.318996 0.030242 0.078853
1 0.723790 0.308244 0.050403 0.071685
1 0.794859 0.322581 0.039315 0.068100
1 0.797379 0.430108 0.028226 0.075269
1 0.755544 0.421147 0.035282 0.082437
1 0.704637 0.383513 0.026210 0.089606
1 0.610383 0.334229 0.075605 0.005376
1 0.587702 0.352151 0.048387 0.051971
1 0.543347 0.358423 0.032258 0.057348
1 0.501008 0.366487 0.034274 0.069892
1 0.451613 0.362007 0.034274 0.057348
1 0.372480 0.359319 0.027218 0.066308
1 0.408266 0.401434 0.026210 0.060932
1 0.540323 0.410394 0.024194 0.050179
1 0.576613 0.412186 0.034274 0.060932
1 0.605343 0.408602 0.029234 0.053763
1 0.636089 0.419355 0.042339 0.057348
1 0.354335 0.481183 0.055444 0.080645
1 0.418851 0.508961 0.063508 0.053763
1 0.452117 0.483871 0.035282 0.093190
1 0.517137 0.512545 0.042339 0.071685
1 0.558468 0.522401 0.036290 0.080645
1 0.590726 0.515233 0.028226 0.069892
1 0.620968 0.523297 0.038306 0.071685
1 0.666835 0.510753 0.041331 0.093190
1 0.704637 0.517921 0.046371 0.086022
1 0.750504 0.517025 0.035282 0.062724
1 0.789315 0.523297 0.038306 0.068100
1 0.820060 0.522401 0.031250 0.069892