1 0.405242 0.119176 0.036290 0.084229
1 0.680948 0.132616 0.039315 0.086022
1 0.506048 0.186380 0.030242 0.068100
1 0.472782 0.202509 0.044355 0.096774
1 0.578125 0.224014 0.039315 0.096774
1 0.616431 0.215950 0.041331 0.080645
1 0.648690 0.202509 0.039315 0.068100
1 0.700605 0.215950 0.048387 0.066308
1 0.366431 0.251792 0.031250 0.084229
1 0.416835 0.295699 0.033266 0.050179
1 0.519657 0.277778 0.029234 0.068100
1 0.542339 0.282258 0.034274 0.073477
1 0.576109 0.303763 0.053427 0.055556
1 0.617944 0.290323 0.030242 0.071685
1 0.667339 0.311828 0.034274 0.053763
1 0.730847 0.316308 0.048387 0.066308
1 0.793347 0.327957 0.036290 0.075269
1 0.801915 0.429211 0.035282 0.073477
1 0.757560 0.422939 0.041331 0.086022
1 0.699597 0.375448 0.034274 0.062724
1 0.637601 0.362007 0.025202 0.050179
1 0.638609 0.415771 0.033266 0.057348
1 0.601310 0.396057 0.027218 0.078853
1 0.501008 0.364695 0.030242 0.062724
1 0.449093 0.358423 0.029234 0.053763
1 0.545867 0.413978 0.037298 0.064516
1 0.369456 0.360215 0.033266 0.078853
1 0.403226 0.406810 0.032258 0.064516
1 0.450605 0.412186 0.038306 0.057348
1 0.430444 0.509857 0.056452 0.084229
1 0.519657 0.510753 0.049395 0.068100
1 0.559980 0.518817 0.027218 0.066308
1 0.586190 0.517025 0.021169 0.048387
1 0.620464 0.520609 0.039315 0.073477
1 0.662298 0.517921 0.052419 0.089606
1 0.711190 0.526882 0.035282 0.064516
1 0.753024 0.525090 0.036290 0.050179
1 0.787802 0.527778 0.029234 0.062724
1 0.819556 0.531362 0.034274 0.069892