1 0.406250 0.118280 0.050403 0.089606
1 0.367944 0.250896 0.032258 0.111111
1 0.470766 0.209677 0.030242 0.096774
1 0.501512 0.181900 0.061492 0.073477
1 0.669859 0.142473 0.043347 0.087814
1 0.691028 0.215054 0.031250 0.071685
1 0.646169 0.199821 0.050403 0.084229
1 0.623488 0.212366 0.047379 0.094982
1 0.579637 0.220430 0.032258 0.082437
1 0.364919 0.357527 0.032258 0.069892
1 0.411794 0.294803 0.037298 0.055556
1 0.443548 0.346774 0.036290 0.051971
1 0.401210 0.401434 0.040323 0.075269
1 0.443548 0.403226 0.052419 0.064516
1 0.499496 0.368280 0.035282 0.044803
1 0.520665 0.289427 0.035282 0.069892
1 0.551915 0.291219 0.019153 0.069892
1 0.580141 0.299283 0.033266 0.075269
1 0.616935 0.295699 0.034274 0.068100
1 0.659778 0.304659 0.047379 0.089606
1 0.736391 0.318996 0.021169 0.060932
1 0.709677 0.349462 0.028226 0.150538
1 0.792843 0.328853 0.037298 0.059140
1 0.423387 0.508065 0.044355 0.073477
1 0.353831 0.477599 0.040323 0.102151
1 0.512097 0.516129 0.046371 0.068100
1 0.557964 0.524194 0.033266 0.062724
1 0.588710 0.514337 0.026210 0.068100
1 0.622984 0.516129 0.034274 0.071685
1 0.666835 0.515233 0.035282 0.077061
1 0.703629 0.526882 0.034274 0.060932
1 0.742944 0.527778 0.038306 0.051971
1 0.779234 0.532258 0.034274 0.064516
1 0.815524 0.531362 0.034274 0.051971
1 0.804940 0.426523 0.035282 0.053763
1 0.761593 0.418459 0.041331 0.066308
1 0.540323 0.411290 0.040323 0.066308
1 0.575605 0.412186 0.038306 0.050179
1 0.601815 0.392473 0.036290 0.086022
1 0.635585 0.416667 0.033266 0.066308