1 0.408770 0.119176 0.047379 0.077061
1 0.677419 0.142473 0.042339 0.077061
1 0.476815 0.202509 0.042339 0.057348
1 0.543851 0.181900 0.029234 0.059140
1 0.576109 0.224014 0.031250 0.060932
1 0.617944 0.214158 0.030242 0.077061
1 0.648185 0.201613 0.042339 0.066308
1 0.699093 0.215054 0.035282 0.068100
1 0.376512 0.250000 0.033266 0.062724
1 0.419355 0.302867 0.030242 0.057348
1 0.515625 0.284050 0.029234 0.055556
1 0.543851 0.292115 0.029234 0.064516
1 0.578125 0.288530 0.031250 0.068100
1 0.619960 0.293011 0.034274 0.069892
1 0.666835 0.312724 0.029234 0.051971
1 0.735383 0.314516 0.029234 0.062724
1 0.793347 0.324373 0.030242 0.057348
1 0.364919 0.355735 0.032258 0.077061
1 0.451613 0.349462 0.032258 0.050179
1 0.498992 0.370968 0.030242 0.068100
1 0.542339 0.353943 0.024194 0.041219
1 0.602823 0.375448 0.036290 0.062724
1 0.639113 0.367384 0.034274 0.050179
1 0.705645 0.362903 0.026210 0.098566
1 0.639617 0.413082 0.031250 0.051971
1 0.574597 0.409498 0.026210 0.059140
1 0.545867 0.410394 0.027218 0.089606
1 0.444052 0.403226 0.031250 0.064516
1 0.407762 0.406810 0.039315 0.078853
1 0.800907 0.424731 0.027218 0.050179
1 0.763609 0.419355 0.037298 0.071685
1 0.428427 0.511649 0.036290 0.062724
1 0.513105 0.516129 0.044355 0.068100
1 0.561492 0.518817 0.032258 0.069892
1 0.595766 0.518817 0.032258 0.069892
1 0.627016 0.511649 0.028226 0.073477
1 0.663810 0.520609 0.041331 0.077061
1 0.704133 0.525090 0.041331 0.068100
1 0.751512 0.523297 0.035282 0.050179
1 0.785786 0.532258 0.035282 0.060932
1 0.819556 0.530466 0.028226 0.043011