1 0.409778 0.107527 0.037298 0.100358
1 0.678931 0.146057 0.041331 0.073477
1 0.475302 0.206989 0.041331 0.066308
1 0.703125 0.215054 0.033266 0.078853
1 0.649698 0.202509 0.043347 0.071685
1 0.622480 0.212366 0.051411 0.098566
1 0.577117 0.213262 0.045363 0.071685
1 0.371472 0.265233 0.033266 0.068100
1 0.419859 0.303763 0.027218 0.048387
1 0.520665 0.280466 0.039315 0.080645
1 0.554435 0.287634 0.036290 0.073477
1 0.585181 0.293907 0.023185 0.071685
1 0.621976 0.293907 0.028226 0.071685
1 0.667843 0.312724 0.043347 0.059140
1 0.738911 0.316308 0.038306 0.059140
1 0.798891 0.323477 0.041331 0.055556
1 0.369456 0.355735 0.029234 0.077061
1 0.443044 0.353943 0.027218 0.051971
1 0.501008 0.362007 0.026210 0.060932
1 0.542843 0.356631 0.033266 0.043011
1 0.601310 0.378136 0.031250 0.075269
1 0.640121 0.417563 0.028226 0.060932
1 0.705645 0.366487 0.026210 0.123656
1 0.403730 0.394265 0.031250 0.064516
1 0.443548 0.405018 0.038306 0.053763
1 0.542339 0.410394 0.038306 0.060932
1 0.569052 0.412186 0.031250 0.071685
1 0.755040 0.419355 0.040323 0.078853
1 0.802923 0.429211 0.037298 0.062724
1 0.426411 0.513441 0.038306 0.062724
1 0.466734 0.493728 0.032258 0.091398
1 0.512601 0.510753 0.037298 0.075269
1 0.554940 0.520609 0.039315 0.069892
1 0.589718 0.513441 0.030242 0.066308
1 0.625000 0.516129 0.028226 0.071685
1 0.656250 0.516129 0.038306 0.086022
1 0.704133 0.522401 0.045363 0.062724
1 0.748488 0.523297 0.039315 0.060932
1 0.784274 0.523297 0.032258 0.060932
1 0.812500 0.526882 0.028226 0.064516
1 0.839214 0.522401 0.029234 0.059140