1 0.409274 0.118280 0.036290 0.082437
1 0.678427 0.140681 0.042339 0.073477
1 0.473790 0.210573 0.028226 0.066308
1 0.573085 0.212366 0.029234 0.077061
1 0.372984 0.258065 0.034274 0.082437
1 0.433972 0.253584 0.027218 0.055556
1 0.415827 0.294803 0.037298 0.051971
1 0.518145 0.286738 0.020161 0.078853
1 0.699093 0.215950 0.037298 0.059140
1 0.647177 0.208781 0.052419 0.080645
1 0.614919 0.212366 0.034274 0.080645
1 0.552923 0.284050 0.033266 0.069892
1 0.584173 0.297491 0.021169 0.060932
1 0.625504 0.290323 0.027218 0.064516
1 0.665827 0.310932 0.033266 0.059140
1 0.733367 0.310932 0.033266 0.055556
1 0.795363 0.332437 0.034274 0.066308
1 0.412298 0.358423 0.038306 0.068100
1 0.447077 0.353943 0.033266 0.059140
1 0.497480 0.362007 0.027218 0.068100
1 0.542339 0.362007 0.026210 0.057348
1 0.602319 0.382616 0.029234 0.062724
1 0.637097 0.362903 0.038306 0.062724
1 0.704637 0.353047 0.036290 0.125448
1 0.764113 0.413978 0.046371 0.086022
1 0.803427 0.422939 0.030242 0.075269
1 0.637097 0.412186 0.040323 0.046595
1 0.543347 0.410394 0.028226 0.053763
1 0.441028 0.404122 0.033266 0.059140
1 0.432964 0.509857 0.037298 0.098566
1 0.475302 0.499104 0.035282 0.094982
1 0.512097 0.507168 0.034274 0.075269
1 0.561996 0.517921 0.031250 0.068100
1 0.589214 0.517921 0.033266 0.068100
1 0.661794 0.520609 0.037298 0.069892
1 0.707661 0.519713 0.034274 0.078853
1 0.749496 0.523297 0.039315 0.064516
1 0.780746 0.525986 0.031250 0.059140
1 0.811492 0.529570 0.026210 0.069892
1 0.837702 0.525986 0.034274 0.069892
1 0.367944 0.360215 0.032258 0.078853