1 0.408266 0.121864 0.034274 0.064516
1 0.678931 0.141577 0.031250 0.078853
1 0.479839 0.197133 0.038306 0.071685
1 0.583165 0.215950 0.039315 0.069892
1 0.618448 0.200717 0.033266 0.078853
1 0.654234 0.198925 0.034274 0.057348
1 0.698589 0.219534 0.046371 0.069892
1 0.370968 0.258065 0.036290 0.071685
1 0.418851 0.287634 0.045363 0.051971
1 0.519153 0.281362 0.026210 0.060932
1 0.545363 0.284050 0.026210 0.084229
1 0.580141 0.293907 0.031250 0.057348
1 0.627520 0.291219 0.041331 0.059140
1 0.666331 0.306452 0.032258 0.053763
1 0.365927 0.357527 0.038306 0.077061
1 0.405242 0.374552 0.038306 0.093190
1 0.446069 0.405018 0.043347 0.060932
1 0.499496 0.361111 0.033266 0.066308
1 0.546875 0.405914 0.035282 0.059140
1 0.597782 0.391577 0.040323 0.084229
1 0.639617 0.422939 0.037298 0.050179
1 0.636089 0.367384 0.044355 0.050179
1 0.733367 0.311828 0.029234 0.068100
1 0.795363 0.328853 0.042339 0.055556
1 0.710685 0.376344 0.038306 0.111111
1 0.757056 0.422043 0.048387 0.091398
1 0.800403 0.430108 0.026210 0.068100
1 0.426915 0.509857 0.041331 0.084229
1 0.469758 0.507168 0.038306 0.086022
1 0.522177 0.504480 0.032258 0.069892
1 0.561996 0.518817 0.025202 0.055556
1 0.593750 0.520609 0.026210 0.062724
1 0.661290 0.517025 0.042339 0.077061
1 0.704133 0.524194 0.039315 0.059140
1 0.746976 0.522401 0.038306 0.059140
1 0.783770 0.527778 0.031250 0.062724
1 0.817540 0.525986 0.028226 0.062724
1 0.841230 0.526882 0.033266 0.071685
4 0.558468 0.780466 0.096774 0.109319