4 0.552923 0.780466 0.087702 0.109319
1 0.408266 0.112007 0.048387 0.094982
1 0.676411 0.144265 0.038306 0.084229
1 0.619960 0.204301 0.032258 0.107527
1 0.702117 0.201613 0.041331 0.084229
1 0.573589 0.215054 0.030242 0.064516
1 0.470766 0.203405 0.030242 0.062724
1 0.376008 0.257168 0.050403 0.062724
1 0.417843 0.292115 0.047379 0.050179
1 0.521673 0.283154 0.025202 0.053763
1 0.580141 0.301971 0.027218 0.059140
1 0.628024 0.301075 0.028226 0.050179
1 0.666331 0.309140 0.028226 0.055556
1 0.731855 0.283154 0.032258 0.082437
1 0.796875 0.327957 0.041331 0.068100
1 0.375504 0.352151 0.045363 0.055556
1 0.412802 0.374552 0.023185 0.082437
1 0.447077 0.352151 0.021169 0.044803
1 0.445060 0.405018 0.033266 0.057348
1 0.504032 0.363799 0.044355 0.078853
1 0.609879 0.391577 0.040323 0.080645
1 0.571069 0.408602 0.033266 0.064516
1 0.549899 0.399642 0.035282 0.086022
1 0.705645 0.379032 0.034274 0.087814
1 0.641633 0.425627 0.027218 0.062724
1 0.758065 0.408602 0.036290 0.053763
1 0.799899 0.425627 0.027218 0.062724
1 0.433972 0.511649 0.041331 0.112903
1 0.473790 0.513441 0.038306 0.066308
1 0.508569 0.497312 0.033266 0.073477
1 0.556956 0.519713 0.043347 0.060932
1 0.595262 0.516129 0.025202 0.060932
1 0.660786 0.515233 0.053427 0.084229
1 0.713206 0.525090 0.037298 0.064516
1 0.751008 0.528674 0.030242 0.057348
1 0.815524 0.531362 0.022177 0.048387
1 0.778226 0.523297 0.044355 0.078853
1 0.843246 0.529570 0.033266 0.062724