4 0.552923 0.789427 0.089718 0.102151
1 0.415827 0.116487 0.047379 0.082437
1 0.673387 0.138889 0.042339 0.073477
1 0.468246 0.206989 0.035282 0.073477
1 0.573589 0.220430 0.032258 0.075269
1 0.619456 0.200717 0.037298 0.093190
1 0.655242 0.206989 0.042339 0.077061
1 0.696573 0.216846 0.048387 0.071685
1 0.419355 0.295699 0.036290 0.057348
1 0.517641 0.291219 0.031250 0.069892
1 0.549395 0.278674 0.026210 0.087814
1 0.574597 0.295699 0.028226 0.057348
1 0.623488 0.294803 0.035282 0.066308
1 0.667339 0.315412 0.036290 0.053763
1 0.734879 0.289427 0.038306 0.073477
1 0.795867 0.325269 0.035282 0.048387
1 0.708669 0.371864 0.032258 0.120072
1 0.802419 0.427419 0.032258 0.069892
1 0.757560 0.413082 0.039315 0.069892
1 0.638105 0.416667 0.032258 0.048387
1 0.606351 0.377240 0.037298 0.069892
1 0.576109 0.413082 0.031250 0.062724
1 0.540323 0.414875 0.032258 0.069892
1 0.444052 0.404122 0.043347 0.055556
1 0.502016 0.367384 0.026210 0.068100
1 0.450605 0.344086 0.048387 0.043011
1 0.357863 0.397849 0.044355 0.068100
1 0.847278 0.536738 0.021169 0.073477
1 0.817540 0.522401 0.024194 0.066308
1 0.785786 0.524194 0.029234 0.051971
1 0.746976 0.525986 0.036290 0.055556
1 0.703125 0.517025 0.041331 0.069892
1 0.661290 0.516129 0.046371 0.068100
1 0.595262 0.511649 0.033266 0.069892
1 0.558972 0.513441 0.031250 0.066308
1 0.513609 0.495520 0.035282 0.094982
1 0.474294 0.505376 0.039315 0.071685
1 0.429435 0.502688 0.030242 0.087814