1 0.412298 0.116487 0.050403 0.075269
1 0.678427 0.144265 0.044355 0.069892
1 0.378528 0.261649 0.035282 0.075269
1 0.419859 0.292115 0.045363 0.050179
1 0.471270 0.203405 0.033266 0.062724
1 0.573085 0.216846 0.029234 0.078853
1 0.618952 0.206989 0.030242 0.084229
1 0.652218 0.210573 0.036290 0.062724
1 0.694556 0.213262 0.034274 0.071685
1 0.523690 0.282258 0.031250 0.077061
1 0.574093 0.298387 0.043347 0.059140
1 0.620464 0.287634 0.035282 0.059140
1 0.658770 0.315412 0.043347 0.057348
1 0.733367 0.293011 0.045363 0.073477
1 0.795363 0.320789 0.042339 0.057348
1 0.372480 0.351254 0.037298 0.057348
1 0.406754 0.370072 0.029234 0.084229
1 0.443548 0.401434 0.040323 0.057348
1 0.495464 0.370072 0.037298 0.077061
1 0.539819 0.362007 0.029234 0.053763
1 0.609879 0.384409 0.040323 0.062724
1 0.538810 0.412186 0.045363 0.050179
1 0.705645 0.381720 0.034274 0.096774
1 0.757560 0.414875 0.045363 0.077061
1 0.803931 0.426523 0.035282 0.060932
1 0.430948 0.519713 0.049395 0.093190
1 0.471270 0.513441 0.039315 0.094982
1 0.558972 0.512545 0.037298 0.078853
1 0.591230 0.510753 0.039315 0.068100
1 0.659778 0.507168 0.031250 0.093190
1 0.709173 0.524194 0.043347 0.080645
1 0.746472 0.523297 0.035282 0.075269
1 0.784274 0.527778 0.036290 0.066308
1 0.819556 0.529570 0.024194 0.051971
1 0.841734 0.529570 0.032258 0.066308
4 0.559980 0.784050 0.095766 0.127240