1 0.407258 0.116487 0.038306 0.086022
1 0.677419 0.141577 0.042339 0.075269
1 0.470262 0.194444 0.035282 0.077061
1 0.579133 0.215054 0.041331 0.089606
1 0.617440 0.205197 0.029234 0.098566
1 0.649194 0.208781 0.040323 0.069892
1 0.695565 0.213262 0.038306 0.064516
1 0.372984 0.276882 0.036290 0.062724
1 0.435484 0.247312 0.036290 0.053763
1 0.417339 0.293011 0.046371 0.055556
1 0.519153 0.290323 0.026210 0.078853
1 0.549395 0.285842 0.030242 0.077061
1 0.584173 0.286738 0.033266 0.075269
1 0.620968 0.288530 0.036290 0.068100
1 0.662802 0.303763 0.039315 0.066308
1 0.731351 0.315412 0.047379 0.050179
1 0.792339 0.324373 0.042339 0.064516
1 0.401714 0.372760 0.039315 0.125448
1 0.447077 0.348566 0.033266 0.048387
1 0.496472 0.360215 0.033266 0.064516
1 0.544859 0.356631 0.029234 0.046595
1 0.446573 0.404122 0.034274 0.044803
1 0.538810 0.405018 0.039315 0.064516
1 0.574597 0.405914 0.038306 0.069892
1 0.604335 0.392473 0.037298 0.096774
1 0.634577 0.413978 0.039315 0.053763
1 0.705645 0.376344 0.032258 0.143369
1 0.801411 0.423835 0.028226 0.073477
1 0.757560 0.418459 0.047379 0.084229
1 0.428931 0.510753 0.041331 0.086022
1 0.471774 0.514337 0.046371 0.082437
1 0.512097 0.499104 0.038306 0.087814
1 0.559476 0.521505 0.038306 0.078853
1 0.600302 0.513441 0.051411 0.073477
1 0.660282 0.512545 0.038306 0.086022
1 0.704637 0.520609 0.040323 0.084229
1 0.746472 0.523297 0.051411 0.064516
1 0.783266 0.516129 0.042339 0.075269
1 0.815524 0.528674 0.022177 0.043011
1 0.844254 0.528674 0.035282 0.071685
4 0.554940 0.785842 0.083669 0.116487