4 0.552923 0.783154 0.079637 0.103943
1 0.408770 0.128136 0.037298 0.084229
1 0.474294 0.189068 0.043347 0.091398
1 0.677923 0.150538 0.035282 0.071685
1 0.572077 0.213262 0.035282 0.089606
1 0.615423 0.208781 0.047379 0.084229
1 0.652722 0.206989 0.035282 0.077061
1 0.697077 0.215054 0.035282 0.082437
1 0.373992 0.289427 0.036290 0.077061
1 0.413810 0.296595 0.035282 0.055556
1 0.521169 0.290323 0.032258 0.078853
1 0.547883 0.279570 0.027218 0.089606
1 0.584173 0.293011 0.035282 0.066308
1 0.625504 0.292115 0.031250 0.064516
1 0.664315 0.305556 0.044355 0.062724
1 0.737903 0.314516 0.052419 0.077061
1 0.796371 0.320789 0.038306 0.068100
1 0.407762 0.370072 0.039315 0.098566
1 0.445565 0.401434 0.034274 0.053763
1 0.496472 0.365591 0.037298 0.071685
1 0.542843 0.412186 0.031250 0.060932
1 0.571573 0.400538 0.038306 0.077061
1 0.602823 0.393369 0.042339 0.080645
1 0.640121 0.421147 0.030242 0.064516
1 0.709677 0.390681 0.028226 0.107527
1 0.761089 0.414875 0.036290 0.087814
1 0.800907 0.419355 0.037298 0.078853
1 0.431452 0.507168 0.042339 0.068100
1 0.473790 0.513441 0.050403 0.062724
1 0.516633 0.493728 0.035282 0.087814
1 0.559980 0.518817 0.039315 0.066308
1 0.593750 0.521505 0.034274 0.071685
1 0.658266 0.516129 0.038306 0.086022
1 0.704133 0.523297 0.049395 0.068100
1 0.746472 0.522401 0.037298 0.062724
1 0.780746 0.521505 0.035282 0.071685
1 0.811492 0.522401 0.032258 0.077061
1 0.840726 0.525090 0.032258 0.064516
2 0.807460 0.722222 0.052419 0.103943