1 0.410786 0.116487 0.063508 0.075269
1 0.680948 0.146953 0.041331 0.075269
1 0.479335 0.176523 0.051411 0.073477
1 0.580141 0.198925 0.047379 0.093190
1 0.618448 0.206093 0.029234 0.093190
1 0.648185 0.202509 0.036290 0.068100
1 0.697581 0.211470 0.040323 0.082437
1 0.372984 0.284050 0.034274 0.066308
1 0.418851 0.296595 0.033266 0.048387
1 0.518649 0.285842 0.027218 0.077061
1 0.544859 0.277778 0.025202 0.100358
1 0.578629 0.289427 0.044355 0.069892
1 0.625504 0.287634 0.033266 0.059140
1 0.666835 0.300179 0.039315 0.059140
1 0.736391 0.310036 0.023185 0.043011
1 0.794859 0.318996 0.041331 0.064516
1 0.369456 0.354839 0.029234 0.053763
1 0.403730 0.376344 0.047379 0.103943
1 0.443044 0.403226 0.039315 0.064516
1 0.503024 0.362903 0.036290 0.066308
1 0.603327 0.378136 0.037298 0.086022
1 0.543347 0.414875 0.042339 0.066308
1 0.710685 0.372760 0.038306 0.136201
1 0.761593 0.420251 0.043347 0.069892
1 0.797883 0.426523 0.035282 0.068100
1 0.426915 0.514337 0.037298 0.053763
1 0.473790 0.514337 0.042339 0.057348
1 0.513105 0.492832 0.046371 0.107527
1 0.558972 0.521505 0.037298 0.068100
1 0.582661 0.517921 0.048387 0.060932
1 0.654738 0.516129 0.043347 0.082437
1 0.706149 0.522401 0.035282 0.066308
1 0.748992 0.520609 0.050403 0.077061
1 0.783266 0.526882 0.040323 0.053763
1 0.814012 0.525090 0.041331 0.078853
1 0.844254 0.532258 0.023185 0.060932
2 0.808468 0.727599 0.054435 0.107527