3 0.198085 0.366487 0.075605 0.127240
0 0.260585 0.629032 0.132056 0.075269
4 0.140625 0.851254 0.063508 0.078853
5 0.333669 0.817204 0.058468 0.175627
1 0.431956 0.777778 0.095766 0.082437
1 0.503528 0.639785 0.113911 0.100358
1 0.485383 0.800179 0.045363 0.166667
1 0.486391 0.509857 0.065524 0.130824
0 0.694556 0.588710 0.122984 0.098566
0 0.724294 0.465950 0.073589 0.197133
5 0.697077 0.715950 0.051411 0.206093
4 0.853327 0.787634 0.103831 0.116487
5 0.396169 0.194444 0.078629 0.148746
6 0.894657 0.586918 0.121976 0.102151
5 0.893649 0.219534 0.053427 0.112903
5 0.572077 0.958781 0.111895 0.082437