0 0.172379 0.478495 0.062500 0.172043
0 0.228831 0.474014 0.076613 0.195341
0 0.702621 0.496416 0.112903 0.086022
0 0.772177 0.729391 0.040323 0.182796
0 0.689516 0.591398 0.114919 0.046595
0 0.716734 0.700717 0.068548 0.161290
6 0.856351 0.422043 0.089718 0.087814
6 0.683468 0.223118 0.104839 0.105735
6 0.575101 0.501792 0.079637 0.197133
5 0.400706 0.431004 0.103831 0.134409
1 0.486391 0.514337 0.069556 0.143369
1 0.490927 0.677419 0.082661 0.143369
1 0.452117 0.771505 0.083669 0.073477
1 0.463206 0.939068 0.057460 0.121864