0 0.236391 0.500896 0.099798 0.170251
0 0.240423 0.635305 0.109879 0.091398
0 0.698589 0.510753 0.116935 0.111111
0 0.774698 0.717742 0.037298 0.184588
0 0.714214 0.706989 0.067540 0.198925
5 0.401714 0.419355 0.099798 0.125448
5 0.493448 0.660394 0.073589 0.120072
5 0.451613 0.760753 0.098790 0.087814
5 0.449597 0.850358 0.096774 0.080645
5 0.461694 0.937276 0.068548 0.089606
6 0.674395 0.187276 0.064516 0.166667
6 0.855343 0.425627 0.113911 0.094982
6 0.778730 0.129928 0.073589 0.098566
6 0.601310 0.810932 0.085685 0.166667