0 0.190524 0.516129 0.072581 0.075269
0 0.242944 0.506272 0.086694 0.152330
0 0.237399 0.715950 0.085685 0.173835
0 0.758065 0.458781 0.056452 0.168459
0 0.779234 0.726703 0.036290 0.188172
0 0.692036 0.581541 0.117944 0.055556
0 0.723286 0.699821 0.077621 0.191756
6 0.678931 0.207885 0.067540 0.200717
5 0.397681 0.413978 0.095766 0.121864
1 0.470766 0.525090 0.048387 0.157706
1 0.504032 0.792115 0.086694 0.114695
1 0.453629 0.702509 0.070565 0.114695
6 0.840726 0.362007 0.048387 0.150538
6 0.934980 0.397849 0.047379 0.146953