1 0.447077 0.294803 0.029234 0.066308
1 0.474798 0.275986 0.046371 0.060932
1 0.524698 0.278674 0.025202 0.077061
1 0.553931 0.289427 0.029234 0.059140
1 0.590222 0.295699 0.027218 0.075269
1 0.610383 0.290323 0.029234 0.064516
1 0.649194 0.296595 0.038306 0.059140
1 0.758569 0.306452 0.045363 0.078853
1 0.386593 0.341398 0.051411 0.051971
1 0.468246 0.344086 0.029234 0.060932
1 0.506552 0.346774 0.033266 0.055556
1 0.544859 0.350358 0.035282 0.055556
1 0.575101 0.353047 0.039315 0.053763
1 0.399194 0.399642 0.034274 0.057348
1 0.430444 0.390681 0.048387 0.071685
1 0.512601 0.402330 0.035282 0.059140
1 0.577621 0.405914 0.044355 0.059140
1 0.615927 0.405914 0.048387 0.059140
1 0.647681 0.414875 0.037298 0.048387
1 0.704133 0.413082 0.037298 0.062724
1 0.760081 0.413978 0.058468 0.053763
1 0.331653 0.508065 0.046371 0.062724
1 0.471774 0.520609 0.038306 0.059140
1 0.400202 0.505376 0.038306 0.057348
1 0.507560 0.490143 0.039315 0.109319
1 0.546371 0.515233 0.038306 0.069892
1 0.582661 0.509857 0.034274 0.084229
1 0.615927 0.516129 0.030242 0.075269
1 0.645161 0.513441 0.046371 0.077061
1 0.690524 0.518817 0.036290 0.055556
1 0.728327 0.517921 0.037298 0.060932
1 0.764617 0.524194 0.039315 0.062724
1 0.801915 0.524194 0.043347 0.062724
2 0.815020 0.707885 0.059476 0.132616
2 0.289819 0.764337 0.061492 0.141577