1 0.390121 0.347670 0.036290 0.064516
1 0.429940 0.357527 0.039315 0.091398
1 0.444052 0.283154 0.035282 0.057348
1 0.477319 0.279570 0.035282 0.064516
1 0.556956 0.299283 0.021169 0.053763
1 0.524698 0.270609 0.035282 0.093190
1 0.587198 0.293011 0.029234 0.066308
1 0.611391 0.288530 0.021169 0.050179
1 0.643145 0.301075 0.038306 0.050179
1 0.653730 0.263441 0.053427 0.075269
1 0.759577 0.312724 0.049395 0.066308
1 0.469254 0.349462 0.027218 0.057348
1 0.504032 0.351254 0.030242 0.057348
1 0.545867 0.356631 0.027218 0.050179
1 0.576109 0.356631 0.035282 0.046595
1 0.615423 0.361111 0.031250 0.051971
1 0.643649 0.361111 0.041331 0.044803
1 0.768145 0.405914 0.046371 0.051971
1 0.704637 0.408602 0.044355 0.071685
1 0.654234 0.408602 0.024194 0.057348
1 0.621472 0.415771 0.039315 0.057348
1 0.581149 0.401434 0.037298 0.057348
1 0.524698 0.399642 0.037298 0.050179
1 0.327621 0.503584 0.044355 0.082437
1 0.467742 0.503584 0.038306 0.050179
1 0.391129 0.507168 0.042339 0.053763
1 0.511089 0.491039 0.030242 0.086022
1 0.544859 0.483871 0.031250 0.096774
1 0.580141 0.485663 0.029234 0.096774
1 0.614415 0.491935 0.029234 0.080645
1 0.691532 0.512545 0.034274 0.046595
1 0.723790 0.509857 0.050403 0.059140
1 0.767137 0.517921 0.038306 0.068100
1 0.805444 0.508065 0.054435 0.069892
4 0.672379 0.722222 0.070565 0.068100
2 0.800907 0.698029 0.049395 0.098566
2 0.883569 0.685484 0.033266 0.073477