1 0.453125 0.296595 0.041331 0.062724
1 0.477319 0.279570 0.031250 0.060932
1 0.530746 0.277778 0.029234 0.075269
1 0.558468 0.291219 0.026210 0.069892
1 0.588710 0.282258 0.028226 0.080645
1 0.617440 0.286738 0.021169 0.064516
1 0.646673 0.296595 0.027218 0.051971
1 0.820060 0.302867 0.057460 0.078853
1 0.388105 0.339606 0.028226 0.051971
1 0.402218 0.403226 0.038306 0.064516
1 0.427923 0.359319 0.045363 0.077061
1 0.468246 0.350358 0.033266 0.062724
1 0.512601 0.383513 0.037298 0.068100
1 0.545363 0.362903 0.040323 0.055556
1 0.577117 0.354839 0.025202 0.057348
1 0.621976 0.362007 0.028226 0.057348
1 0.647177 0.353047 0.036290 0.046595
1 0.725302 0.368280 0.029234 0.069892
1 0.716230 0.418459 0.037298 0.048387
1 0.653730 0.413082 0.025202 0.055556
1 0.618952 0.420251 0.026210 0.059140
1 0.583669 0.407706 0.040323 0.051971
1 0.328629 0.503584 0.036290 0.082437
1 0.399698 0.487455 0.045363 0.082437
1 0.470262 0.485663 0.035282 0.089606
1 0.502520 0.456989 0.059476 0.093190
1 0.566532 0.484767 0.032258 0.094982
1 0.646673 0.505376 0.039315 0.068100
1 0.691028 0.517921 0.039315 0.064516
1 0.727319 0.517921 0.029234 0.057348
1 0.764113 0.515233 0.038306 0.066308
1 0.807964 0.511649 0.041331 0.062724
2 0.892641 0.678315 0.041331 0.112903
2 0.809980 0.704301 0.057460 0.086022