2 0.890625 0.681900 0.045363 0.109319
2 0.804435 0.698925 0.048387 0.107527
1 0.449597 0.294803 0.044355 0.059140
1 0.476815 0.272401 0.040323 0.075269
1 0.529234 0.267025 0.026210 0.078853
1 0.558468 0.292115 0.030242 0.078853
1 0.594758 0.292115 0.028226 0.075269
1 0.614919 0.289427 0.020161 0.059140
1 0.642137 0.291219 0.030242 0.062724
1 0.748992 0.336918 0.032258 0.053763
1 0.767641 0.396953 0.033266 0.077061
1 0.715222 0.360215 0.021169 0.064516
1 0.712198 0.413978 0.023185 0.068100
1 0.650202 0.416667 0.034274 0.048387
1 0.645161 0.347670 0.038306 0.053763
1 0.394153 0.394265 0.040323 0.078853
1 0.427923 0.369176 0.029234 0.060932
1 0.473790 0.350358 0.030242 0.055556
1 0.511593 0.351254 0.033266 0.043011
1 0.543347 0.357527 0.032258 0.044803
1 0.575605 0.358423 0.038306 0.053763
1 0.511593 0.402330 0.029234 0.051971
1 0.582661 0.400538 0.048387 0.048387
1 0.395665 0.493728 0.047379 0.091398
1 0.467742 0.503584 0.054435 0.053763
1 0.510585 0.476703 0.035282 0.107527
1 0.572077 0.485663 0.051411 0.118280
1 0.613911 0.490143 0.038306 0.102151
1 0.644153 0.513441 0.030242 0.073477
1 0.692036 0.510753 0.039315 0.064516
1 0.733367 0.525986 0.031250 0.062724
1 0.770161 0.512545 0.044355 0.064516
1 0.818548 0.507168 0.052419 0.057348
1 0.326613 0.501792 0.046371 0.064516
1 0.822077 0.305556 0.053427 0.080645