1 0.332661 0.509857 0.046371 0.069892
1 0.389113 0.328853 0.028226 0.048387
1 0.401714 0.398746 0.033266 0.062724
1 0.451613 0.289427 0.044355 0.062724
1 0.430444 0.370072 0.034274 0.087814
1 0.481855 0.271505 0.024194 0.073477
1 0.530242 0.268817 0.026210 0.068100
1 0.554435 0.285842 0.034274 0.059140
1 0.593750 0.284946 0.028226 0.057348
1 0.615423 0.290323 0.021169 0.053763
1 0.640625 0.301971 0.033266 0.051971
1 0.471270 0.353943 0.023185 0.062724
1 0.508065 0.353943 0.028226 0.055556
1 0.543851 0.360215 0.027218 0.050179
1 0.578629 0.358423 0.024194 0.043011
1 0.615423 0.355735 0.033266 0.044803
1 0.650706 0.361111 0.029234 0.041219
1 0.683972 0.360215 0.031250 0.043011
1 0.722782 0.368280 0.028226 0.048387
1 0.752016 0.345878 0.032258 0.071685
1 0.513609 0.481183 0.039315 0.069892
1 0.573589 0.474014 0.028226 0.059140
1 0.617944 0.481183 0.040323 0.084229
1 0.643145 0.504480 0.028226 0.062724
1 0.688004 0.519713 0.031250 0.060932
1 0.726310 0.515233 0.037298 0.048387
1 0.759577 0.508065 0.039315 0.051971
1 0.809980 0.505376 0.043347 0.078853