1 0.328629 0.502688 0.046371 0.069892
1 0.399698 0.372760 0.037298 0.096774
1 0.451109 0.280466 0.037298 0.077061
1 0.431956 0.364695 0.037298 0.109319
1 0.477823 0.283154 0.032258 0.068100
1 0.529234 0.275986 0.026210 0.082437
1 0.555444 0.286738 0.038306 0.068100
1 0.588710 0.291219 0.036290 0.069892
1 0.613407 0.284050 0.031250 0.069892
1 0.639617 0.293907 0.041331 0.071685
1 0.468750 0.353047 0.032258 0.064516
1 0.530746 0.372760 0.047379 0.089606
1 0.576613 0.353943 0.030242 0.055556
1 0.617440 0.393369 0.029234 0.055556
1 0.650202 0.410394 0.036290 0.057348
1 0.704637 0.412186 0.028226 0.060932
1 0.724294 0.363799 0.031250 0.064516
1 0.751008 0.359319 0.024194 0.044803
1 0.777722 0.368280 0.029234 0.051971
1 0.764113 0.416667 0.042339 0.062724
1 0.409274 0.504480 0.046371 0.077061
1 0.471774 0.516129 0.044355 0.064516
1 0.579133 0.483871 0.029234 0.093190
1 0.615927 0.491935 0.032258 0.098566
1 0.649194 0.518817 0.034274 0.073477
1 0.691532 0.521505 0.038306 0.068100
1 0.730847 0.525986 0.032258 0.062724
1 0.767641 0.520609 0.033266 0.069892
1 0.809980 0.518817 0.039315 0.059140