1 0.452117 0.272401 0.039315 0.071685
1 0.406250 0.376344 0.032258 0.082437
1 0.456149 0.376344 0.041331 0.082437
1 0.529234 0.279570 0.030242 0.082437
1 0.559476 0.287634 0.036290 0.073477
1 0.596270 0.299283 0.025202 0.068100
1 0.640625 0.297491 0.035282 0.071685
1 0.505544 0.351254 0.029234 0.068100
1 0.528730 0.396057 0.035282 0.068100
1 0.547883 0.353943 0.027218 0.062724
1 0.581653 0.398746 0.038306 0.059140
1 0.618448 0.379928 0.045363 0.075269
1 0.656250 0.413082 0.040323 0.059140
1 0.712702 0.414875 0.040323 0.059140
1 0.720766 0.357527 0.024194 0.055556
1 0.765625 0.411290 0.041331 0.055556
1 0.333669 0.508961 0.044355 0.064516
1 0.404738 0.492832 0.049395 0.107527
1 0.473286 0.507168 0.041331 0.060932
1 0.581653 0.482079 0.030242 0.100358
1 0.613911 0.491039 0.044355 0.089606
1 0.649698 0.514337 0.033266 0.068100
1 0.689012 0.516129 0.033266 0.064516
1 0.727823 0.520609 0.034274 0.059140
1 0.763105 0.517921 0.044355 0.050179
1 0.806452 0.514337 0.048387 0.057348