1 0.390121 0.339606 0.036290 0.084229
1 0.452621 0.284050 0.046371 0.084229
1 0.480847 0.277778 0.032258 0.068100
1 0.535282 0.272401 0.026210 0.071685
1 0.558972 0.285842 0.031250 0.066308
1 0.593246 0.294803 0.037298 0.077061
1 0.615423 0.284050 0.027218 0.069892
1 0.648690 0.295699 0.031250 0.057348
1 0.429940 0.380824 0.031250 0.073477
1 0.464214 0.371864 0.051411 0.094982
1 0.524698 0.402330 0.031250 0.062724
1 0.542843 0.371864 0.029234 0.084229
1 0.575101 0.388889 0.047379 0.089606
1 0.620968 0.386201 0.050403 0.091398
1 0.651714 0.411290 0.037298 0.062724
1 0.706149 0.420251 0.047379 0.048387
1 0.723286 0.366487 0.025202 0.069892
1 0.761089 0.415771 0.048387 0.060932
1 0.335181 0.501792 0.051411 0.064516
1 0.401210 0.493728 0.066532 0.091398
1 0.572581 0.485663 0.044355 0.093190
1 0.642641 0.516129 0.031250 0.057348
1 0.612399 0.493728 0.053427 0.094982
1 0.688508 0.524194 0.040323 0.059140
1 0.728327 0.517921 0.035282 0.064516
1 0.763105 0.509857 0.044355 0.069892
1 0.806452 0.517921 0.044355 0.060932