1 0.478327 0.181900 0.057460 0.059140
1 0.613407 0.201613 0.029234 0.059140
1 0.480343 0.272401 0.041331 0.064516
1 0.522681 0.284946 0.029234 0.075269
1 0.557460 0.289427 0.036290 0.066308
1 0.597782 0.273297 0.048387 0.077061
1 0.644153 0.295699 0.046371 0.060932
1 0.386593 0.343190 0.039315 0.048387
1 0.432964 0.373656 0.037298 0.073477
1 0.470766 0.402330 0.030242 0.055556
1 0.519657 0.400538 0.031250 0.059140
1 0.541331 0.359319 0.032258 0.066308
1 0.578629 0.356631 0.034274 0.053763
1 0.613407 0.359319 0.033266 0.048387
1 0.725302 0.373656 0.031250 0.062724
1 0.755040 0.375448 0.036290 0.051971
1 0.371976 0.403226 0.048387 0.071685
1 0.593750 0.412186 0.038306 0.053763
1 0.624496 0.409498 0.029234 0.051971
1 0.649698 0.407706 0.035282 0.055556
1 0.341230 0.506272 0.051411 0.055556
1 0.527218 0.492832 0.040323 0.082437
1 0.579133 0.511649 0.047379 0.059140
1 0.615927 0.513441 0.032258 0.066308
1 0.648185 0.512545 0.034274 0.064516
1 0.689012 0.516129 0.053427 0.057348
1 0.730343 0.517025 0.031250 0.059140
1 0.758569 0.511649 0.047379 0.059140
1 0.810988 0.612903 0.061492 0.086022