1 0.352823 0.152330 0.052419 0.111111
1 0.630040 0.209677 0.058468 0.075269
1 0.481351 0.272401 0.035282 0.075269
1 0.547379 0.276882 0.030242 0.084229
1 0.643145 0.296595 0.046371 0.062724
1 0.388105 0.334229 0.024194 0.087814
1 0.450101 0.346774 0.039315 0.059140
1 0.472782 0.343190 0.030242 0.048387
1 0.546875 0.367384 0.045363 0.064516
1 0.581653 0.358423 0.028226 0.053763
1 0.435988 0.402330 0.031250 0.059140
1 0.474798 0.398746 0.042339 0.059140
1 0.517641 0.401434 0.047379 0.060932
1 0.621472 0.405018 0.039315 0.064516
1 0.650706 0.408602 0.029234 0.057348
1 0.707157 0.410394 0.047379 0.053763
1 0.762601 0.415771 0.031250 0.046595
1 0.754536 0.356631 0.029234 0.053763
1 0.725806 0.352151 0.028226 0.062724
1 0.328629 0.497312 0.066532 0.073477
1 0.533266 0.489247 0.042339 0.093190
1 0.582157 0.512545 0.041331 0.057348
1 0.618952 0.515233 0.032258 0.055556
1 0.648690 0.519713 0.043347 0.075269
1 0.694052 0.516129 0.033266 0.053763
1 0.723286 0.515233 0.051411 0.073477
1 0.766129 0.507168 0.042339 0.075269
1 0.813508 0.617384 0.050403 0.080645