1 0.448085 0.174731 0.039315 0.066308
1 0.476310 0.272401 0.039315 0.086022
1 0.389617 0.350358 0.047379 0.069892
1 0.618448 0.198925 0.039315 0.068100
1 0.545867 0.281362 0.029234 0.060932
1 0.602823 0.275986 0.044355 0.086022
1 0.646673 0.291219 0.039315 0.069892
1 0.429940 0.402330 0.053427 0.055556
1 0.452621 0.344982 0.042339 0.059140
1 0.476815 0.398746 0.034274 0.069892
1 0.520665 0.394265 0.029234 0.064516
1 0.578125 0.399642 0.043347 0.060932
1 0.616935 0.407706 0.042339 0.055556
1 0.652218 0.407706 0.028226 0.062724
1 0.760081 0.411290 0.030242 0.051971
1 0.776210 0.365591 0.026210 0.089606
1 0.705645 0.359319 0.040323 0.066308
1 0.337198 0.491935 0.059476 0.080645
1 0.580645 0.513441 0.034274 0.059140
1 0.612399 0.513441 0.031250 0.062724
1 0.642137 0.510753 0.032258 0.096774
1 0.687500 0.525986 0.048387 0.069892
1 0.757560 0.519713 0.039315 0.068100
1 0.822077 0.621864 0.037298 0.068100
0 0.886089 0.915771 0.094758 0.100358
4 0.554435 0.846774 0.080645 0.127240