1 0.386593 0.347670 0.035282 0.075269
1 0.466230 0.256272 0.041331 0.064516
1 0.546371 0.296595 0.050403 0.062724
1 0.595766 0.265233 0.050403 0.078853
1 0.617944 0.206989 0.048387 0.059140
1 0.647681 0.284946 0.047379 0.075269
1 0.399194 0.410394 0.022177 0.064516
1 0.426915 0.399642 0.033266 0.053763
1 0.447581 0.343190 0.024194 0.059140
1 0.475806 0.395161 0.034274 0.059140
1 0.520161 0.392473 0.030242 0.060932
1 0.540827 0.360215 0.027218 0.064516
1 0.579133 0.403226 0.037298 0.053763
1 0.625000 0.404122 0.032258 0.055556
1 0.645665 0.404122 0.037298 0.062724
1 0.759073 0.415771 0.030242 0.050179
1 0.579637 0.514337 0.036290 0.064516
1 0.615423 0.515233 0.041331 0.055556
1 0.645665 0.515233 0.037298 0.087814
1 0.695565 0.514337 0.048387 0.060932
1 0.760081 0.522401 0.054435 0.077061
1 0.821069 0.614695 0.035282 0.068100
1 0.327621 0.502688 0.054435 0.062724