0 0.888105 0.905018 0.084677 0.068100
1 0.385585 0.293907 0.037298 0.111111
1 0.482359 0.142473 0.061492 0.112903
1 0.412298 0.278674 0.030242 0.069892
1 0.614415 0.206989 0.029234 0.066308
1 0.546875 0.284946 0.039315 0.050179
1 0.595262 0.264337 0.041331 0.087814
1 0.642641 0.293011 0.047379 0.069892
1 0.456149 0.342294 0.025202 0.057348
1 0.481351 0.349462 0.025202 0.050179
1 0.507056 0.347670 0.024194 0.057348
1 0.546371 0.356631 0.034274 0.060932
1 0.579637 0.358423 0.048387 0.053763
1 0.731855 0.327957 0.044355 0.060932
1 0.775706 0.336022 0.023185 0.077061
1 0.402218 0.405914 0.024194 0.062724
1 0.430948 0.397849 0.037298 0.057348
1 0.471774 0.399642 0.040323 0.057348
1 0.525202 0.406810 0.034274 0.053763
1 0.578629 0.406810 0.040323 0.060932
1 0.625000 0.414875 0.030242 0.066308
1 0.651210 0.417563 0.030242 0.071685
1 0.710181 0.409498 0.031250 0.066308
1 0.761593 0.410394 0.043347 0.057348
1 0.338710 0.500896 0.052419 0.073477
1 0.572581 0.515233 0.032258 0.059140
1 0.615423 0.514337 0.035282 0.078853
1 0.642137 0.507168 0.040323 0.089606
1 0.765121 0.515233 0.042339 0.080645
1 0.691028 0.516129 0.041331 0.075269
1 0.809980 0.610215 0.051411 0.087814