1 0.450605 0.169355 0.076613 0.059140
1 0.617440 0.206093 0.037298 0.071685
1 0.411290 0.285842 0.030242 0.073477
1 0.523185 0.283154 0.024194 0.060932
1 0.557460 0.294803 0.036290 0.066308
1 0.596270 0.265233 0.037298 0.093190
1 0.643649 0.286738 0.033266 0.082437
1 0.835685 0.396953 0.040323 0.069892
1 0.716230 0.396953 0.031250 0.048387
1 0.750504 0.364695 0.027218 0.066308
1 0.367944 0.387993 0.030242 0.059140
1 0.429940 0.398746 0.035282 0.066308
1 0.450605 0.344982 0.026210 0.051971
1 0.478831 0.360215 0.028226 0.078853
1 0.511089 0.355735 0.024194 0.059140
1 0.543851 0.360215 0.031250 0.057348
1 0.582661 0.351254 0.032258 0.050179
1 0.519153 0.414875 0.034274 0.055556
1 0.581653 0.413082 0.038306 0.066308
1 0.620968 0.413082 0.030242 0.062724
1 0.645665 0.410394 0.029234 0.060932
1 0.578629 0.513441 0.040323 0.069892
1 0.615927 0.517921 0.028226 0.075269
1 0.646673 0.517025 0.031250 0.077061
1 0.686492 0.517025 0.038306 0.062724
1 0.764617 0.508961 0.043347 0.082437
1 0.406754 0.471326 0.049395 0.107527