1 0.392641 0.146057 0.055444 0.116487
1 0.427419 0.305556 0.070565 0.127240
1 0.378024 0.296595 0.044355 0.109319
1 0.612399 0.209677 0.037298 0.068100
1 0.522681 0.281362 0.027218 0.068100
1 0.549395 0.286738 0.034274 0.082437
1 0.596270 0.280466 0.039315 0.080645
1 0.643145 0.291219 0.034274 0.059140
1 0.357359 0.384409 0.029234 0.051971
1 0.404738 0.398746 0.031250 0.055556
1 0.429940 0.397849 0.027218 0.060932
1 0.526210 0.419355 0.022177 0.057348
1 0.507056 0.343190 0.030242 0.062724
1 0.547379 0.370968 0.032258 0.096774
1 0.582157 0.357527 0.033266 0.062724
1 0.585685 0.413082 0.036290 0.051971
1 0.620464 0.414875 0.025202 0.055556
1 0.648185 0.413082 0.030242 0.041219
1 0.766129 0.416667 0.028226 0.044803
1 0.714214 0.401434 0.035282 0.057348
1 0.702621 0.356631 0.030242 0.046595
1 0.754032 0.370968 0.038306 0.068100
1 0.409778 0.472222 0.047379 0.087814
1 0.579133 0.512545 0.041331 0.075269
1 0.612399 0.522401 0.029234 0.069892
1 0.644657 0.508961 0.031250 0.071685
1 0.820060 0.620968 0.049395 0.069892
1 0.767137 0.502688 0.042339 0.073477