1 0.390625 0.154122 0.049395 0.111111
1 0.617944 0.201613 0.038306 0.059140
1 0.411794 0.275090 0.033266 0.062724
1 0.380544 0.326165 0.035282 0.071685
1 0.523690 0.279570 0.023185 0.050179
1 0.549899 0.276882 0.035282 0.073477
1 0.602823 0.299283 0.030242 0.053763
1 0.645161 0.289427 0.036290 0.051971
1 0.396673 0.397849 0.039315 0.035842
1 0.435988 0.398746 0.023185 0.048387
1 0.477823 0.358423 0.034274 0.107527
1 0.519153 0.398746 0.028226 0.059140
1 0.582661 0.402330 0.032258 0.055556
1 0.623992 0.405018 0.036290 0.053763
1 0.648690 0.413082 0.027218 0.044803
1 0.711190 0.415771 0.049395 0.075269
1 0.758569 0.412186 0.031250 0.060932
1 0.823589 0.392473 0.034274 0.071685
1 0.756552 0.340502 0.027218 0.075269
1 0.399194 0.470430 0.050403 0.105735
1 0.583669 0.514337 0.040323 0.068100
1 0.614919 0.523297 0.028226 0.068100
1 0.649698 0.511649 0.033266 0.091398
1 0.697077 0.517921 0.043347 0.075269
1 0.726310 0.507168 0.031250 0.071685
1 0.774194 0.513441 0.058468 0.066308
1 0.816028 0.620968 0.051411 0.069892
2 0.480847 0.877240 0.088710 0.130824
0 0.866431 0.955197 0.103831 0.089606
2 0.705645 0.853943 0.048387 0.141577