1 0.363407 0.175627 0.063508 0.075269
1 0.410786 0.275090 0.035282 0.062724
1 0.620968 0.211470 0.036290 0.064516
1 0.541835 0.288530 0.027218 0.086022
1 0.572077 0.281362 0.029234 0.075269
1 0.596270 0.294803 0.023185 0.055556
1 0.651210 0.288530 0.026210 0.086022
1 0.401714 0.401434 0.029234 0.050179
1 0.431956 0.405914 0.023185 0.055556
1 0.473790 0.380824 0.036290 0.094982
1 0.522681 0.400538 0.033266 0.062724
1 0.587702 0.413082 0.024194 0.051971
1 0.626008 0.409498 0.038306 0.066308
1 0.656754 0.405914 0.035282 0.055556
1 0.770665 0.422939 0.027218 0.043011
1 0.756048 0.319892 0.030242 0.094982
1 0.710181 0.394265 0.037298 0.071685
1 0.576613 0.513441 0.034274 0.066308
1 0.612399 0.517921 0.037298 0.071685
1 0.651714 0.509857 0.031250 0.073477
1 0.693548 0.518817 0.040323 0.066308
1 0.818548 0.624552 0.042339 0.055556
1 0.408770 0.472222 0.055444 0.109319