1 0.413306 0.278674 0.028226 0.091398
1 0.545867 0.269713 0.037298 0.084229
1 0.643145 0.260753 0.046371 0.091398
1 0.403226 0.407706 0.034274 0.041219
1 0.435484 0.399642 0.026210 0.071685
1 0.453125 0.337814 0.029234 0.069892
1 0.478327 0.344982 0.037298 0.069892
1 0.540827 0.344086 0.037298 0.057348
1 0.577621 0.353047 0.028226 0.053763
1 0.623488 0.405914 0.037298 0.062724
1 0.587702 0.406810 0.040323 0.075269
1 0.404738 0.462366 0.037298 0.096774
1 0.327117 0.484767 0.033266 0.051971
1 0.822581 0.396953 0.036290 0.087814
1 0.714214 0.375448 0.059476 0.080645
1 0.769153 0.417563 0.052419 0.053763
1 0.753024 0.322581 0.032258 0.089606
1 0.581149 0.513441 0.033266 0.080645
1 0.616431 0.514337 0.035282 0.071685
1 0.654234 0.511649 0.036290 0.059140
1 0.762097 0.517921 0.042339 0.071685
1 0.809476 0.619176 0.054435 0.073477
1 0.372984 0.295699 0.030242 0.082437