1 0.410282 0.179211 0.048387 0.068100
1 0.406250 0.284946 0.032258 0.078853
1 0.445565 0.285842 0.030242 0.087814
1 0.481351 0.277778 0.035282 0.068100
1 0.522681 0.277778 0.033266 0.060932
1 0.550403 0.293011 0.048387 0.051971
1 0.600806 0.287634 0.032258 0.080645
1 0.632056 0.305556 0.040323 0.069892
1 0.722278 0.268817 0.035282 0.096774
1 0.762601 0.300179 0.029234 0.077061
1 0.449597 0.350358 0.026210 0.051971
1 0.477319 0.347670 0.031250 0.068100
1 0.506048 0.353047 0.026210 0.064516
1 0.551411 0.353943 0.024194 0.055556
1 0.577117 0.353943 0.031250 0.051971
1 0.433468 0.396953 0.040323 0.080645
1 0.531754 0.405914 0.037298 0.077061
1 0.573589 0.406810 0.060484 0.057348
1 0.621976 0.405018 0.036290 0.071685
1 0.719254 0.416667 0.049395 0.073477
1 0.825605 0.412186 0.032258 0.064516
1 0.762097 0.413082 0.040323 0.066308
1 0.329637 0.495520 0.036290 0.084229
1 0.399194 0.509857 0.046371 0.062724
1 0.474294 0.514337 0.039315 0.053763
1 0.521673 0.510753 0.035282 0.078853
1 0.580141 0.517921 0.033266 0.068100
1 0.613407 0.517025 0.035282 0.077061
1 0.675907 0.483871 0.039315 0.096774
1 0.707157 0.513441 0.027218 0.055556
1 0.742440 0.498208 0.033266 0.103943