0 0.152722 0.485663 0.045363 0.139785
0 0.204133 0.462366 0.051411 0.182796
0 0.239415 0.487455 0.113911 0.125448
0 0.255544 0.531362 0.109879 0.080645
0 0.261593 0.605735 0.132056 0.068100
0 0.268649 0.681900 0.097782 0.098566
0 0.197581 0.717742 0.074597 0.127240
5 0.170867 0.830645 0.047379 0.198925
5 0.295363 0.828853 0.060484 0.163082
1 0.465726 0.360215 0.084677 0.111111
1 0.492944 0.460573 0.076613 0.157706
1 0.510585 0.789427 0.113911 0.112903
0 0.744456 0.453405 0.051411 0.189964
0 0.700605 0.526882 0.098790 0.089606
0 0.718750 0.672043 0.054435 0.204301
0 0.814516 0.488351 0.088710 0.102151
0 0.493448 0.919355 0.089718 0.107527
4 0.834173 0.768817 0.053427 0.146953
5 0.580141 0.297491 0.093750 0.103943
4 0.924395 0.793011 0.074597 0.084229
4 0.934980 0.934588 0.043347 0.123656
4 0.982863 0.905914 0.032258 0.127240