1 0.403730 0.172043 0.045363 0.096774
1 0.407258 0.284050 0.034274 0.077061
1 0.443548 0.276882 0.040323 0.066308
1 0.480343 0.271505 0.039315 0.055556
1 0.524698 0.282258 0.025202 0.059140
1 0.558468 0.288530 0.032258 0.060932
1 0.592238 0.298387 0.033266 0.051971
1 0.633569 0.300179 0.045363 0.062724
1 0.719254 0.258065 0.027218 0.089606
1 0.763609 0.304659 0.025202 0.060932
1 0.404234 0.411290 0.036290 0.062724
1 0.439516 0.405018 0.042339 0.060932
1 0.449093 0.350358 0.033266 0.048387
1 0.478831 0.355735 0.028226 0.069892
1 0.505040 0.353943 0.024194 0.066308
1 0.544859 0.350358 0.027218 0.051971
1 0.578125 0.359319 0.037298 0.055556
1 0.824093 0.421147 0.049395 0.053763
1 0.766633 0.403226 0.025202 0.050179
1 0.713710 0.409498 0.040323 0.051971
1 0.606351 0.403226 0.081653 0.078853
1 0.538306 0.396057 0.036290 0.075269
1 0.330645 0.501792 0.046371 0.068100
1 0.401714 0.487455 0.039315 0.086022
1 0.480343 0.513441 0.047379 0.077061
1 0.520161 0.506272 0.030242 0.059140
1 0.576613 0.516129 0.032258 0.071685
1 0.611391 0.517921 0.025202 0.057348
1 0.634577 0.512545 0.023185 0.053763
1 0.712198 0.519713 0.031250 0.050179
1 0.681956 0.486559 0.049395 0.077061