1 0.402218 0.194444 0.042339 0.080645
1 0.406754 0.280466 0.031250 0.080645
1 0.806452 0.143369 0.030242 0.075269
1 0.769153 0.305556 0.030242 0.059140
1 0.721774 0.293011 0.034274 0.069892
1 0.643145 0.300179 0.042339 0.069892
1 0.597782 0.307348 0.032258 0.062724
1 0.565020 0.289427 0.041331 0.084229
1 0.527722 0.282258 0.033266 0.066308
1 0.483871 0.284946 0.022177 0.064516
1 0.443548 0.275986 0.040323 0.071685
1 0.447581 0.347670 0.028226 0.050179
1 0.473286 0.348566 0.027218 0.062724
1 0.502016 0.357527 0.036290 0.062724
1 0.543851 0.353943 0.023185 0.055556
1 0.577117 0.351254 0.029234 0.043011
1 0.400706 0.411290 0.035282 0.073477
1 0.432460 0.397849 0.032258 0.057348
1 0.491431 0.412186 0.023185 0.039427
1 0.528226 0.398746 0.042339 0.073477
1 0.579133 0.404122 0.041331 0.059140
1 0.623992 0.407706 0.038306 0.062724
1 0.713206 0.414875 0.031250 0.066308
1 0.765625 0.412186 0.033266 0.064516
1 0.823589 0.419355 0.044355 0.053763
1 0.335685 0.505376 0.048387 0.068100
1 0.398185 0.510753 0.044355 0.075269
1 0.477319 0.512545 0.039315 0.060932
1 0.512601 0.509857 0.041331 0.069892
1 0.575605 0.498208 0.042339 0.100358
1 0.610887 0.515233 0.028226 0.059140
1 0.638105 0.516129 0.034274 0.053763
1 0.674395 0.514337 0.052419 0.086022
1 0.705645 0.511649 0.048387 0.077061
1 0.740927 0.506272 0.050403 0.112903
0 0.568044 0.720430 0.073589 0.086022
4 0.875504 0.920251 0.105847 0.094982