1 0.400706 0.198029 0.041331 0.098566
1 0.405242 0.274194 0.044355 0.071685
1 0.446069 0.273297 0.041331 0.077061
1 0.481351 0.279570 0.035282 0.064516
1 0.524698 0.283154 0.031250 0.064516
1 0.549899 0.292115 0.029234 0.057348
1 0.572581 0.284050 0.020161 0.069892
1 0.599294 0.301075 0.029234 0.053763
1 0.637097 0.300179 0.034274 0.077061
1 0.719758 0.295699 0.028226 0.075269
1 0.766633 0.301971 0.027218 0.066308
1 0.449597 0.349462 0.024194 0.057348
1 0.474798 0.348566 0.030242 0.051971
1 0.507560 0.352151 0.027218 0.066308
1 0.534778 0.391577 0.039315 0.080645
1 0.579637 0.353943 0.032258 0.051971
1 0.583669 0.405914 0.046371 0.059140
1 0.625504 0.409498 0.035282 0.062724
1 0.712702 0.409498 0.038306 0.051971
1 0.764113 0.409498 0.032258 0.051971
1 0.825101 0.418459 0.037298 0.055556
1 0.432460 0.395161 0.040323 0.055556
1 0.400202 0.419355 0.030242 0.086022
1 0.333165 0.499104 0.043347 0.062724
1 0.397177 0.507168 0.040323 0.057348
1 0.480343 0.508961 0.033266 0.060932
1 0.514113 0.512545 0.042339 0.060932
1 0.582157 0.506272 0.037298 0.077061
1 0.615423 0.519713 0.029234 0.053763
1 0.643145 0.525090 0.026210 0.064516
1 0.682964 0.517921 0.031250 0.064516
1 0.715222 0.525090 0.037298 0.050179
1 0.744456 0.493728 0.045363 0.109319