1 0.405242 0.202509 0.044355 0.082437
1 0.408770 0.278674 0.029234 0.066308
1 0.447581 0.268817 0.054435 0.075269
1 0.486391 0.280466 0.033266 0.069892
1 0.517137 0.283154 0.036290 0.071685
1 0.548387 0.292115 0.030242 0.060932
1 0.573085 0.284050 0.023185 0.077061
1 0.599798 0.300179 0.028226 0.051971
1 0.616431 0.283154 0.021169 0.071685
1 0.640625 0.301075 0.037298 0.057348
1 0.717238 0.298387 0.031250 0.069892
1 0.765121 0.298387 0.026210 0.073477
1 0.428427 0.400538 0.034274 0.055556
1 0.448589 0.352151 0.026210 0.062724
1 0.473790 0.352151 0.038306 0.051971
1 0.504536 0.353943 0.031250 0.055556
1 0.544859 0.354839 0.033266 0.057348
1 0.487399 0.426523 0.031250 0.068100
1 0.531754 0.404122 0.035282 0.066308
1 0.579637 0.402330 0.036290 0.066308
1 0.617944 0.406810 0.044355 0.064516
1 0.718246 0.413082 0.041331 0.059140
1 0.765625 0.405914 0.037298 0.069892
1 0.825101 0.414875 0.041331 0.044803
1 0.743448 0.482079 0.035282 0.114695
1 0.335181 0.503584 0.039315 0.068100
1 0.402722 0.489247 0.029234 0.093190
1 0.478831 0.505376 0.040323 0.075269
1 0.514113 0.509857 0.032258 0.059140
1 0.578125 0.502688 0.037298 0.084229
1 0.614415 0.519713 0.029234 0.068100
1 0.639617 0.517921 0.021169 0.057348
1 0.677923 0.517921 0.037298 0.057348
1 0.707661 0.522401 0.026210 0.077061