1 0.402218 0.196237 0.044355 0.069892
1 0.410282 0.280466 0.038306 0.066308
1 0.443548 0.274194 0.036290 0.068100
1 0.480343 0.277778 0.037298 0.060932
1 0.524698 0.279570 0.033266 0.068100
1 0.553427 0.296595 0.034274 0.062724
1 0.595262 0.299283 0.027218 0.053763
1 0.635585 0.301075 0.031250 0.057348
1 0.716230 0.297491 0.033266 0.071685
1 0.763609 0.301075 0.035282 0.075269
1 0.400706 0.413082 0.031250 0.069892
1 0.431452 0.402330 0.028226 0.059140
1 0.450101 0.352151 0.027218 0.048387
1 0.475302 0.352151 0.027218 0.059140
1 0.503024 0.355735 0.032258 0.062724
1 0.545363 0.352151 0.030242 0.044803
1 0.536794 0.402330 0.033266 0.055556
1 0.584677 0.404122 0.042339 0.066308
1 0.626512 0.406810 0.035282 0.057348
1 0.715222 0.406810 0.037298 0.057348
1 0.765625 0.410394 0.037298 0.068100
1 0.332157 0.498208 0.039315 0.064516
1 0.405242 0.496416 0.036290 0.071685
1 0.479335 0.499104 0.037298 0.073477
1 0.517137 0.516129 0.036290 0.053763
1 0.579133 0.516129 0.033266 0.082437
1 0.612903 0.516129 0.030242 0.064516
1 0.639113 0.515233 0.028226 0.059140
1 0.677419 0.514337 0.040323 0.060932
1 0.714214 0.521505 0.025202 0.046595
1 0.746472 0.489247 0.041331 0.089606
1 0.830645 0.418459 0.050403 0.059140
0 0.885585 0.956093 0.057460 0.087814
4 0.259577 0.760753 0.045363 0.109319
4 0.573589 0.707885 0.066532 0.096774