4 0.266129 0.772401 0.054435 0.107527
0 0.964214 0.949821 0.037298 0.100358
1 0.403226 0.198029 0.044355 0.077061
1 0.407762 0.278674 0.033266 0.069892
1 0.445060 0.270609 0.047379 0.071685
1 0.485887 0.275090 0.032258 0.059140
1 0.524194 0.281362 0.030242 0.060932
1 0.556956 0.293907 0.031250 0.050179
1 0.570565 0.287634 0.034274 0.062724
1 0.596270 0.298387 0.045363 0.048387
1 0.639113 0.300179 0.028226 0.048387
1 0.719254 0.299283 0.023185 0.060932
1 0.760585 0.304659 0.031250 0.057348
1 0.339718 0.503584 0.058468 0.078853
1 0.434476 0.403226 0.034274 0.060932
1 0.450101 0.352151 0.029234 0.051971
1 0.505040 0.353047 0.038306 0.075269
1 0.543347 0.353047 0.034274 0.057348
1 0.398690 0.508065 0.029234 0.062724
1 0.482359 0.505376 0.043347 0.078853
1 0.519153 0.515233 0.032258 0.055556
1 0.583165 0.508961 0.047379 0.075269
1 0.619456 0.514337 0.023185 0.057348
1 0.645665 0.521505 0.029234 0.064516
1 0.687500 0.520609 0.038306 0.073477
1 0.709677 0.518817 0.026210 0.055556
1 0.750504 0.492832 0.033266 0.107527
1 0.710685 0.405914 0.030242 0.055556
1 0.766633 0.412186 0.043347 0.064516
1 0.824093 0.422043 0.039315 0.059140
1 0.627016 0.404122 0.028226 0.055556
1 0.583669 0.404122 0.032258 0.066308