1 0.401210 0.205197 0.054435 0.087814
1 0.413306 0.277778 0.036290 0.071685
1 0.448589 0.273297 0.038306 0.069892
1 0.482863 0.279570 0.028226 0.068100
1 0.524698 0.284050 0.023185 0.069892
1 0.552923 0.291219 0.029234 0.044803
1 0.575605 0.286738 0.018145 0.068100
1 0.600806 0.300179 0.030242 0.059140
1 0.640121 0.298387 0.034274 0.051971
1 0.722278 0.298387 0.029234 0.055556
1 0.766129 0.293907 0.040323 0.060932
1 0.400706 0.414875 0.025202 0.059140
1 0.429940 0.402330 0.025202 0.055556
1 0.445060 0.343190 0.031250 0.059140
1 0.473790 0.348566 0.036290 0.055556
1 0.511089 0.352151 0.030242 0.066308
1 0.545867 0.354839 0.035282 0.057348
1 0.533266 0.400538 0.034274 0.059140
1 0.583165 0.399642 0.039315 0.053763
1 0.625504 0.402330 0.035282 0.066308
1 0.713206 0.409498 0.035282 0.044803
1 0.764113 0.408602 0.042339 0.057348
1 0.823589 0.411290 0.046371 0.059140
1 0.330141 0.506272 0.061492 0.066308
1 0.400706 0.502688 0.037298 0.084229
1 0.478831 0.487455 0.042339 0.086022
1 0.521169 0.508065 0.036290 0.055556
1 0.578125 0.514337 0.031250 0.057348
1 0.610383 0.511649 0.039315 0.069892
1 0.640121 0.513441 0.028226 0.077061
1 0.679435 0.522401 0.038306 0.073477
1 0.714718 0.525986 0.026210 0.062724
1 0.742944 0.517025 0.028226 0.066308