0 0.283266 0.181900 0.054435 0.166667
0 0.354839 0.182796 0.060484 0.211470
0 0.480847 0.153226 0.118952 0.292115
0 0.574597 0.155914 0.058468 0.197133
0 0.678931 0.111111 0.059476 0.207885
0 0.742944 0.147849 0.056452 0.227599
0 0.197077 0.777778 0.043347 0.186380
0 0.079637 0.775986 0.068548 0.150538
0 0.358367 0.696237 0.073589 0.224014
0 0.357863 0.839606 0.074597 0.120072
0 0.487903 0.650538 0.088710 0.258065
0 0.566532 0.670251 0.056452 0.229391
0 0.457157 0.885305 0.069556 0.168459
0 0.668347 0.722222 0.060484 0.247312
0 0.160282 0.269713 0.038306 0.216846
0 0.104335 0.227599 0.043347 0.182796
0 0.791331 0.726703 0.056452 0.216846
0 0.850806 0.821685 0.054435 0.195341
0 0.911794 0.725806 0.087702 0.200717