3 0.199597 0.522401 0.104839 0.084229
0 0.168347 0.729391 0.044355 0.161290
4 0.146673 0.874552 0.079637 0.078853
5 0.387097 0.165771 0.058468 0.152330
5 0.901210 0.219534 0.036290 0.134409
1 0.478327 0.506272 0.065524 0.109319
1 0.443044 0.681900 0.099798 0.105735
1 0.493952 0.799283 0.094758 0.096774
5 0.525706 0.931900 0.095766 0.111111
0 0.796875 0.432796 0.049395 0.170251
0 0.724294 0.457885 0.119960 0.130824
5 0.841734 0.205197 0.062500 0.141577
5 0.339214 0.588710 0.117944 0.102151
5 0.666835 0.681900 0.067540 0.213262
5 0.697077 0.785842 0.055444 0.198925