0 0.189516 0.471326 0.068548 0.136201
0 0.243952 0.521505 0.122984 0.107527
0 0.248992 0.652330 0.080645 0.125448
0 0.205645 0.729391 0.066532 0.179211
0 0.753528 0.455197 0.053427 0.207885
0 0.734375 0.705197 0.067540 0.134409
1 0.480847 0.557348 0.046371 0.197133
6 0.530746 0.650538 0.065524 0.179211
1 0.464214 0.801075 0.057460 0.146953
6 0.616935 0.224910 0.084677 0.094982
6 0.962702 0.717742 0.050403 0.170251
6 0.917843 0.921147 0.073589 0.107527
6 0.430444 0.327061 0.100806 0.120072
6 0.363911 0.702509 0.096774 0.093190