0 0.211694 0.195341 0.070565 0.211470
0 0.102823 0.781362 0.048387 0.154122
0 0.176915 0.799283 0.063508 0.229391
0 0.311492 0.161290 0.048387 0.218638
0 0.366935 0.198925 0.086694 0.283154
0 0.646169 0.165771 0.044355 0.256272
0 0.735383 0.147849 0.079637 0.295698
0 0.293851 0.694444 0.097782 0.288530
0 0.350302 0.896953 0.059476 0.184588
0 0.433468 0.721326 0.084677 0.191756
0 0.505040 0.706989 0.064516 0.238351
0 0.638609 0.678315 0.059476 0.252688
0 0.724294 0.669355 0.057460 0.209677
0 0.768145 0.510753 0.088710 0.272401
0 0.835181 0.649642 0.051411 0.206093
0 0.945060 0.629032 0.063508 0.222222
0 0.848790 0.786738 0.048387 0.150538
0 0.782258 0.829749 0.036290 0.164875
0 0.644153 0.874552 0.070565 0.168459
0 0.693044 0.797491 0.083669 0.247312
0 0.566532 0.860215 0.062500 0.150538
0 0.505040 0.885305 0.046371 0.168459
0 0.432964 0.890681 0.065524 0.179211
0 0.245464 0.787634 0.055444 0.227599