0 0.096774 0.777778 0.056452 0.143369
0 0.179940 0.816308 0.061492 0.198925
0 0.257560 0.780466 0.081653 0.195341
0 0.339718 0.880824 0.068548 0.177419
0 0.426915 0.886201 0.073589 0.177419
0 0.494960 0.883513 0.054435 0.121864
0 0.526210 0.701613 0.088710 0.263441
0 0.561996 0.853943 0.077621 0.159498
0 0.582661 0.958781 0.040323 0.071685
0 0.627520 0.681900 0.061492 0.224014
0 0.649194 0.153226 0.058468 0.263441
0 0.764617 0.514337 0.109879 0.301075
0 0.713206 0.660394 0.071573 0.227599
0 0.826109 0.649642 0.085685 0.202509
0 0.941028 0.622760 0.057460 0.231183
0 0.633569 0.874552 0.071573 0.172043
0 0.710181 0.811828 0.061492 0.154122
0 0.755040 0.763441 0.066532 0.186380
0 0.792339 0.836918 0.044355 0.168459
0 0.313508 0.150538 0.056452 0.218638
0 0.369456 0.152330 0.069556 0.179211
0 0.763609 0.134409 0.134073 0.204301