0 0.373488 0.215950 0.079637 0.274194
0 0.758569 0.160394 0.059476 0.238351
0 0.099798 0.809140 0.060484 0.206093
0 0.179435 0.800179 0.052419 0.238351
0 0.254032 0.805556 0.044355 0.220430
0 0.348286 0.880824 0.049395 0.184588
0 0.434980 0.882616 0.073589 0.191756
0 0.559980 0.862007 0.039315 0.143369
0 0.636593 0.863799 0.081653 0.179211
0 0.633569 0.672939 0.073589 0.227599
0 0.716230 0.666667 0.075605 0.189964
0 0.772177 0.532258 0.076613 0.286738
0 0.837198 0.655018 0.049395 0.191756
0 0.743952 0.799283 0.054435 0.204301
0 0.848286 0.751792 0.077621 0.181004
0 0.946573 0.644265 0.060484 0.195341
0 0.517641 0.694444 0.075605 0.277778