0 0.193548 0.253584 0.076613 0.209677
0 0.270665 0.215950 0.055444 0.188172
0 0.347278 0.171147 0.085685 0.238351
0 0.451613 0.181004 0.076613 0.254480
0 0.575101 0.141577 0.059476 0.186380
0 0.726310 0.180108 0.091734 0.292115
0 0.961190 0.379032 0.077620 0.367384
0 0.104839 0.775986 0.056452 0.136201
0 0.134073 0.838710 0.038306 0.107527
0 0.274194 0.770609 0.068548 0.197133
0 0.413810 0.754480 0.067540 0.240143
0 0.479839 0.668459 0.066532 0.218638
0 0.619456 0.663082 0.081653 0.236559
0 0.378024 0.903226 0.068548 0.179211
0 0.456653 0.878136 0.056452 0.146953
0 0.503024 0.862903 0.052419 0.159498
0 0.561996 0.855735 0.053427 0.202509
0 0.728327 0.636201 0.117944 0.326165
0 0.796875 0.659498 0.053427 0.204301
0 0.874496 0.654122 0.073589 0.193548
0 0.636593 0.826165 0.051411 0.154122
0 0.707661 0.778674 0.048387 0.141577
0 0.735383 0.865591 0.057460 0.121864
0 0.869960 0.815412 0.068548 0.136201