0 0.184980 0.252688 0.059476 0.222222
0 0.273185 0.213262 0.054435 0.215054
0 0.346270 0.163082 0.077621 0.308244
0 0.450101 0.187276 0.083669 0.274194
0 0.517641 0.163978 0.051411 0.216846
0 0.576109 0.140681 0.059476 0.224014
0 0.739415 0.163082 0.085685 0.293907
0 0.676411 0.148746 0.042339 0.218638
0 0.104335 0.779570 0.051411 0.172043
0 0.138105 0.850358 0.034274 0.137993
0 0.271673 0.783154 0.053427 0.232975
0 0.369456 0.902330 0.067540 0.155914
0 0.435988 0.799283 0.053427 0.297491
0 0.487903 0.650538 0.060484 0.290323
0 0.592238 0.694444 0.079637 0.227599
0 0.527218 0.813620 0.064516 0.182796
0 0.495968 0.871864 0.058468 0.163082
0 0.563004 0.862007 0.051411 0.186380
0 0.636089 0.771505 0.060484 0.198925
0 0.710181 0.781362 0.049395 0.211470
0 0.751008 0.661290 0.064516 0.430108
0 0.801411 0.673835 0.046371 0.232975
0 0.868952 0.658602 0.086694 0.209677
0 0.963710 0.378136 0.070565 0.412186
0 0.946573 0.643369 0.070565 0.186380