0 0.185484 0.242832 0.070565 0.209677
0 0.272177 0.211470 0.050403 0.225806
0 0.358367 0.200717 0.077621 0.254480
0 0.446069 0.181900 0.073589 0.245520
0 0.527722 0.170251 0.065524 0.240143
0 0.599798 0.133513 0.060484 0.267025
0 0.675403 0.152330 0.040323 0.207885
0 0.727319 0.175627 0.069556 0.336918
0 0.955141 0.389785 0.077621 0.363799
0 0.102823 0.756272 0.042339 0.136201
0 0.135585 0.844982 0.053427 0.120072
0 0.269153 0.779570 0.066532 0.193548
0 0.335181 0.810036 0.053427 0.250896
0 0.378024 0.874552 0.060484 0.215054
0 0.481855 0.629928 0.082661 0.292115
0 0.453125 0.755376 0.087702 0.245520
0 0.532762 0.782258 0.051411 0.198925
0 0.499496 0.909498 0.065524 0.102151
0 0.560988 0.857527 0.051411 0.195341
0 0.635081 0.768817 0.058468 0.215054
0 0.706149 0.813620 0.041331 0.114695
0 0.734375 0.663082 0.172379 0.211470
0 0.713710 0.945341 0.080645 0.098566
0 0.757056 0.796595 0.042339 0.102151
0 0.796875 0.838710 0.063508 0.150538
0 0.867440 0.649642 0.093750 0.220430
0 0.858871 0.810932 0.070565 0.145161
0 0.945565 0.643369 0.068548 0.200717