0 0.195060 0.241039 0.065524 0.231183
0 0.271169 0.201613 0.060484 0.238351
0 0.355847 0.194444 0.078629 0.252688
0 0.452621 0.172043 0.078629 0.286738
0 0.522681 0.158602 0.061492 0.206093
0 0.590726 0.154122 0.072581 0.229391
0 0.679435 0.145161 0.054435 0.207885
0 0.738407 0.179211 0.077621 0.322581
0 0.959677 0.401434 0.080645 0.362007
0 0.104335 0.780466 0.055444 0.134409
0 0.138105 0.854839 0.042339 0.129032
0 0.268145 0.801971 0.048387 0.295699
0 0.223790 0.900538 0.052419 0.159498
0 0.336694 0.777778 0.050403 0.215054
0 0.380544 0.883513 0.051411 0.175627
0 0.484879 0.646953 0.070565 0.290323
0 0.467742 0.801075 0.064516 0.172043
0 0.505544 0.905914 0.055444 0.077061
0 0.532762 0.794803 0.061492 0.224014
0 0.620968 0.639785 0.153226 0.254480
0 0.637097 0.790323 0.060484 0.146953
0 0.658266 0.879032 0.060484 0.116487
0 0.700101 0.765233 0.051411 0.200717
0 0.741935 0.727599 0.076613 0.272401
0 0.793851 0.670251 0.073589 0.236559
0 0.863407 0.644265 0.091734 0.206093
0 0.856351 0.814516 0.057460 0.127240
0 0.926411 0.629928 0.082661 0.184588
0 0.794859 0.841398 0.047379 0.137993
0 0.820060 0.917563 0.097782 0.075269