0 0.190524 0.229391 0.062500 0.236559
0 0.260585 0.210573 0.053427 0.220430
0 0.304940 0.192652 0.055444 0.213262
0 0.365423 0.198925 0.073589 0.243728
0 0.444556 0.172043 0.094758 0.272401
0 0.515121 0.168459 0.066532 0.225806
0 0.581149 0.160394 0.075605 0.227599
0 0.676915 0.150538 0.057460 0.232975
0 0.743448 0.169355 0.093750 0.299283
0 0.960181 0.406810 0.079637 0.412186
0 0.102319 0.790323 0.057460 0.154122
0 0.134073 0.850358 0.056452 0.127240
0 0.278730 0.871864 0.071573 0.152330
0 0.329637 0.801075 0.072581 0.207885
0 0.378528 0.883513 0.067540 0.154122
0 0.470262 0.672043 0.079637 0.250896
0 0.573589 0.669355 0.145161 0.245520
0 0.464214 0.840502 0.059476 0.136201
0 0.535786 0.814516 0.059476 0.134409
0 0.566028 0.879928 0.053427 0.125448
0 0.635585 0.778674 0.061492 0.155914
0 0.655242 0.881720 0.048387 0.096774
0 0.694052 0.755376 0.059476 0.209677
0 0.752520 0.728495 0.051411 0.245520
0 0.720766 0.881720 0.062500 0.103943
0 0.792339 0.655914 0.088710 0.207885
0 0.787298 0.845878 0.044355 0.139785
0 0.866935 0.641577 0.062500 0.197133
0 0.832661 0.794803 0.068548 0.145161
0 0.866935 0.827061 0.038306 0.123656
0 0.936996 0.637097 0.061492 0.188172