0 0.203125 0.256272 0.049395 0.232975
0 0.273185 0.216846 0.042339 0.229391
0 0.362903 0.210573 0.072581 0.245520
0 0.448085 0.180108 0.069556 0.292115
0 0.514113 0.164875 0.066532 0.250896
0 0.589718 0.149642 0.068548 0.188172
0 0.724294 0.179211 0.077621 0.297491
0 0.842238 0.159498 0.081653 0.229391
0 0.960181 0.401434 0.079637 0.387097
0 0.126008 0.859319 0.044355 0.166667
0 0.189516 0.885305 0.058468 0.164875
0 0.367440 0.827061 0.079637 0.202509
0 0.451109 0.700717 0.071573 0.247312
0 0.438508 0.896057 0.048387 0.154122
0 0.536794 0.786738 0.053427 0.168459
0 0.565020 0.884409 0.043347 0.137993
0 0.638609 0.773297 0.067540 0.224014
0 0.670363 0.904122 0.050403 0.141577
0 0.706149 0.759857 0.069556 0.261649
0 0.796371 0.681900 0.052419 0.277778
0 0.874496 0.647849 0.065524 0.209677
0 0.880544 0.768817 0.061492 0.118280
0 0.946573 0.648746 0.060484 0.207885