0 0.171371 0.256272 0.050403 0.172043
0 0.199597 0.166667 0.056452 0.136201
0 0.226815 0.270609 0.044355 0.125448
0 0.272681 0.212366 0.049395 0.220430
0 0.311996 0.197133 0.055444 0.215054
0 0.356351 0.206989 0.069556 0.241935
0 0.447077 0.180108 0.079637 0.270609
0 0.522177 0.166667 0.068548 0.229391
0 0.580141 0.155018 0.073589 0.224014
0 0.675403 0.155018 0.052419 0.231183
0 0.734879 0.172939 0.068548 0.313620
0 0.836694 0.124552 0.086694 0.206093
0 0.966734 0.393369 0.058468 0.467742
0 0.131552 0.846774 0.043347 0.145161
0 0.205645 0.889785 0.080645 0.105735
0 0.354335 0.840502 0.083669 0.168459
0 0.453629 0.671147 0.114919 0.234767
0 0.470766 0.833333 0.050403 0.136201
0 0.433468 0.883513 0.070565 0.200717
0 0.542843 0.653226 0.085685 0.234767
0 0.552419 0.863799 0.086694 0.200717
0 0.633065 0.764337 0.062500 0.213262
0 0.699093 0.757168 0.069556 0.224014
0 0.754032 0.724014 0.042339 0.236559
0 0.796371 0.674731 0.060484 0.224014
0 0.867440 0.648746 0.079637 0.179211
0 0.940020 0.643369 0.073589 0.172043
0 0.886593 0.790323 0.043347 0.111111
0 0.862399 0.817204 0.051411 0.136201
0 0.801915 0.827957 0.061492 0.157706
0 0.723286 0.883513 0.053427 0.107527
0 0.635585 0.937276 0.081653 0.107527