5 0.576613 0.119176 0.090726 0.112903
5 0.295867 0.181900 0.071573 0.145161
1 0.458165 0.499104 0.061492 0.134409
6 0.591230 0.636201 0.045363 0.200717
6 0.913306 0.365591 0.076613 0.078853
6 0.965222 0.551971 0.037298 0.129032
0 0.784778 0.448029 0.037298 0.182796
0 0.700605 0.609319 0.100806 0.078853
0 0.766129 0.708781 0.078629 0.130824
0 0.181452 0.465054 0.070565 0.170251
6 0.194556 0.717742 0.068548 0.116487
6 0.198085 0.857527 0.063508 0.137993
6 0.649698 0.885305 0.079637 0.111111
6 0.524698 0.811828 0.057460 0.204301
1 0.430444 0.823477 0.088710 0.080645