0 0.238911 0.517921 0.116935 0.075269
0 0.230343 0.700717 0.067540 0.168459
0 0.788306 0.452509 0.056452 0.148746
0 0.769153 0.701613 0.056452 0.159498
0 0.706149 0.637993 0.107863 0.114695
6 0.965222 0.301971 0.069556 0.098566
6 0.911290 0.361111 0.070565 0.084229
1 0.478327 0.502688 0.037298 0.109319
1 0.509073 0.577957 0.078629 0.091398
1 0.472782 0.729391 0.056452 0.157706
1 0.503024 0.859319 0.078629 0.137993
5 0.644657 0.888889 0.079637 0.118280
6 0.667339 0.743728 0.092742 0.146953
6 0.953125 0.530466 0.033266 0.103943
6 0.708669 0.189068 0.112903 0.062724
6 0.159274 0.235663 0.034274 0.134409