5 0.148185 0.300179 0.064516 0.155914
5 0.901714 0.279570 0.049395 0.114695
5 0.869960 0.870968 0.056452 0.139785
6 0.972782 0.553763 0.048387 0.136201
0 0.749496 0.439964 0.055444 0.191756
0 0.697581 0.632616 0.118952 0.089606
6 0.737903 0.921147 0.036290 0.150538
0 0.208165 0.495520 0.063508 0.127240
0 0.254032 0.637097 0.116935 0.077061
1 0.481351 0.413978 0.055444 0.150538
1 0.444556 0.550179 0.104839 0.082437
1 0.488911 0.818100 0.044355 0.123656
1 0.428427 0.889785 0.084677 0.109319
5 0.382056 0.660394 0.068548 0.170251