0 0.265121 0.589606 0.108871 0.100358
0 0.177923 0.487455 0.063508 0.143369
0 0.730343 0.455197 0.069556 0.139785
0 0.692540 0.603047 0.098790 0.084229
0 0.714718 0.693548 0.074597 0.121864
1 0.434476 0.471326 0.112903 0.103943
1 0.465222 0.596774 0.055444 0.136201
1 0.495968 0.687276 0.046371 0.123656
1 0.432964 0.766129 0.091734 0.084229
1 0.489919 0.894265 0.070565 0.075269
1 0.503528 0.792115 0.101815 0.075269
1 0.479335 0.955197 0.095766 0.060932
6 0.942540 0.497312 0.044355 0.116487
6 0.716734 0.138889 0.086694 0.145161
6 0.238407 0.326165 0.073589 0.125448