1 0.452117 0.446237 0.103831 0.111111
1 0.458669 0.525986 0.056452 0.112903
1 0.479839 0.624552 0.100806 0.098566
1 0.498488 0.808244 0.087702 0.125448
1 0.431452 0.786738 0.058468 0.107527
1 0.437500 0.883513 0.084677 0.078853
0 0.186492 0.744624 0.068548 0.145161
0 0.792339 0.468638 0.066532 0.066308
0 0.691532 0.597670 0.100806 0.066308
0 0.730847 0.705197 0.040323 0.216846
5 0.943044 0.775090 0.055444 0.148746
6 0.558972 0.332437 0.081653 0.202509
6 0.222782 0.187276 0.046371 0.098566
6 0.771673 0.938172 0.077621 0.091398