0 0.094254 0.285842 0.053427 0.155914
0 0.137097 0.230287 0.044355 0.195341
0 0.180444 0.247312 0.044355 0.215054
0 0.254536 0.219534 0.051411 0.206093
0 0.304435 0.190860 0.036290 0.206093
0 0.343246 0.198925 0.049395 0.261649
0 0.395161 0.176523 0.038306 0.252688
0 0.431452 0.189068 0.056452 0.295699
0 0.481855 0.175627 0.050403 0.247312
0 0.535786 0.185484 0.063508 0.256272
0 0.586190 0.178315 0.049395 0.202509
0 0.651210 0.141577 0.084677 0.283154
0 0.739919 0.165771 0.064516 0.238351
0 0.839718 0.155914 0.058468 0.225806
0 0.050907 0.675627 0.059476 0.164875
0 0.124496 0.689964 0.055444 0.225806
0 0.179940 0.740143 0.051411 0.111111
0 0.272681 0.801971 0.065524 0.224014
0 0.363911 0.675627 0.082661 0.261649
0 0.463206 0.689964 0.067540 0.268817
0 0.365423 0.875448 0.047379 0.177419
0 0.434980 0.870072 0.071573 0.170251
0 0.501512 0.870968 0.055444 0.139785
0 0.541835 0.775986 0.069556 0.197133
0 0.598790 0.647849 0.068548 0.288530
0 0.710685 0.669355 0.064516 0.234767
0 0.598286 0.868280 0.055444 0.123656
0 0.644657 0.806452 0.041331 0.211470
0 0.810484 0.610215 0.082661 0.252688
0 0.888609 0.666667 0.055444 0.211470
0 0.938508 0.509857 0.084677 0.310036
0 0.763105 0.790323 0.060484 0.215054