0 0.128528 0.225806 0.059476 0.150538
0 0.201109 0.242832 0.053427 0.216846
0 0.253528 0.221326 0.063508 0.224014
0 0.298387 0.198029 0.034274 0.198925
0 0.337198 0.201613 0.077621 0.256272
0 0.405746 0.176523 0.065524 0.263441
0 0.476815 0.176523 0.062500 0.249104
0 0.549899 0.179211 0.099798 0.236559
0 0.635081 0.159498 0.082661 0.222222
0 0.709677 0.151434 0.054435 0.166667
0 0.750504 0.166667 0.067540 0.232975
0 0.116431 0.694444 0.065524 0.188172
0 0.188508 0.781362 0.054435 0.204301
0 0.147177 0.843190 0.062500 0.137993
0 0.248488 0.784050 0.049395 0.198925
0 0.301411 0.760753 0.064516 0.216846
0 0.359375 0.676523 0.057460 0.227599
0 0.356855 0.863799 0.058468 0.168459
0 0.415827 0.808244 0.077621 0.215054
0 0.482863 0.671147 0.100806 0.241935
0 0.505544 0.851254 0.067540 0.164875
0 0.592238 0.783154 0.081653 0.268817
0 0.698085 0.689964 0.067540 0.272401
0 0.651210 0.858423 0.058468 0.164875
0 0.810484 0.657706 0.076613 0.293907
0 0.946573 0.464158 0.086694 0.326165
0 0.896673 0.602151 0.089718 0.250896
0 0.755544 0.779570 0.063508 0.243728