0 0.132560 0.245520 0.049395 0.154122
0 0.200101 0.247312 0.041331 0.215054
0 0.256552 0.219534 0.061492 0.241935
0 0.342742 0.195341 0.084677 0.254480
0 0.408266 0.187276 0.060484 0.245520
0 0.454637 0.168459 0.054435 0.222222
0 0.540827 0.167563 0.079637 0.213262
0 0.637601 0.169355 0.073589 0.206093
0 0.707661 0.148746 0.054435 0.215054
0 0.756048 0.158602 0.042339 0.220430
0 0.115927 0.558244 0.084677 0.044803
0 0.115927 0.705197 0.060484 0.173835
0 0.201109 0.771505 0.069556 0.216846
0 0.255544 0.795699 0.053427 0.179211
0 0.303427 0.787634 0.062500 0.166667
0 0.363911 0.678315 0.084677 0.270609
0 0.481351 0.677419 0.095766 0.200717
0 0.413810 0.829749 0.063508 0.211470
0 0.497984 0.864695 0.072581 0.166667
0 0.562500 0.796595 0.062500 0.259857
0 0.599294 0.862007 0.055444 0.118280
0 0.645161 0.836022 0.070565 0.209677
0 0.704133 0.669355 0.061492 0.234767
0 0.709677 0.835125 0.048387 0.139785
0 0.806956 0.658602 0.073589 0.299283
0 0.771169 0.806452 0.074597 0.207885
0 0.944052 0.480287 0.087702 0.365591
0 0.901714 0.614695 0.085685 0.243728
0 0.101815 0.866487 0.058468 0.148746