0 0.194052 0.470430 0.071573 0.123656
0 0.245968 0.519713 0.102823 0.068100
0 0.260081 0.567204 0.120968 0.069892
0 0.255040 0.620072 0.110887 0.050179
0 0.235887 0.672043 0.092742 0.071685
0 0.209173 0.740143 0.069556 0.172043
1 0.530242 0.564516 0.092742 0.150538
1 0.504032 0.801075 0.096774 0.075269
0 0.718246 0.678315 0.041331 0.173835
0 0.755040 0.710573 0.032258 0.170251
0 0.783770 0.711470 0.039315 0.175627
5 0.741935 0.388889 0.078629 0.193548
5 0.659778 0.843190 0.083669 0.134409
5 0.935484 0.837814 0.076613 0.062724
5 0.960181 0.930108 0.045363 0.093190