0 0.244456 0.526882 0.097782 0.089606
0 0.251512 0.558244 0.130040 0.077061
0 0.237399 0.669355 0.105847 0.059140
1 0.507056 0.463262 0.122984 0.084229
1 0.469758 0.632616 0.064516 0.096774
1 0.419355 0.713262 0.100806 0.096774
5 0.310484 0.801971 0.122984 0.073477
0 0.725302 0.378136 0.132056 0.082437
0 0.723286 0.469534 0.087702 0.100358
0 0.694556 0.546595 0.122984 0.075269
0 0.721774 0.680108 0.046371 0.177419
0 0.776210 0.707885 0.040323 0.157706
5 0.326109 0.905018 0.091734 0.078853
5 0.234879 0.872760 0.108871 0.086022
4 0.941532 0.842294 0.046371 0.071685