0 0.116431 0.271505 0.067540 0.159498
0 0.153730 0.255376 0.037298 0.159498
0 0.189012 0.240143 0.053427 0.211470
0 0.243952 0.215054 0.060484 0.200717
0 0.297379 0.224014 0.050403 0.301075
0 0.322077 0.219534 0.053427 0.170251
0 0.357359 0.171147 0.055444 0.224014
0 0.473286 0.252688 0.039315 0.193548
0 0.526210 0.164875 0.062500 0.229391
0 0.590726 0.165771 0.064516 0.213262
0 0.660786 0.158602 0.067540 0.227599
0 0.733367 0.121864 0.055444 0.243728
0 0.118952 0.522401 0.106855 0.066308
0 0.089214 0.781362 0.047379 0.150538
0 0.134073 0.837814 0.040323 0.184588
0 0.175403 0.808244 0.040323 0.168459
0 0.230343 0.827061 0.047379 0.170251
0 0.280242 0.820789 0.038306 0.204301
0 0.319052 0.623656 0.067540 0.197133
0 0.330645 0.871864 0.068548 0.120072
0 0.388105 0.658602 0.080645 0.288530
0 0.399194 0.850358 0.040323 0.130824
0 0.469758 0.668459 0.070565 0.261649
0 0.517137 0.771505 0.066532 0.181004
0 0.666331 0.782258 0.086694 0.234767
0 0.558468 0.867384 0.058468 0.197133
0 0.614415 0.835125 0.039315 0.211470
0 0.783770 0.805556 0.061492 0.206093