0 0.111391 0.267025 0.059476 0.146953
0 0.153226 0.252688 0.052419 0.179211
0 0.192540 0.245520 0.056452 0.182796
0 0.243448 0.208781 0.053427 0.177419
0 0.290827 0.235663 0.061492 0.263441
0 0.465222 0.116487 0.053427 0.111111
0 0.518649 0.160394 0.069556 0.227599
0 0.582157 0.181004 0.055444 0.268817
0 0.664819 0.163082 0.057460 0.229391
0 0.722782 0.122760 0.064516 0.234767
0 0.120464 0.577061 0.079637 0.050179
0 0.091734 0.794803 0.064516 0.177419
0 0.129536 0.861111 0.041331 0.137993
0 0.169355 0.789427 0.044355 0.155914
0 0.222782 0.807348 0.066532 0.206093
0 0.320565 0.682796 0.078629 0.272401
0 0.382056 0.678315 0.062500 0.227599
0 0.475806 0.673835 0.068548 0.222222
0 0.394657 0.811828 0.057460 0.189964
0 0.409274 0.922939 0.054435 0.107527
0 0.530242 0.786738 0.072581 0.189964
0 0.654234 0.759857 0.094758 0.172043
0 0.576613 0.868280 0.062500 0.159498
0 0.617944 0.859319 0.044355 0.152330
0 0.774194 0.815412 0.088710 0.197133