0 0.111895 0.274194 0.054435 0.157706
0 0.154234 0.259857 0.038306 0.129032
0 0.194556 0.220430 0.052419 0.150538
0 0.240927 0.205197 0.048387 0.159498
0 0.290323 0.207885 0.066532 0.229391
0 0.380544 0.155018 0.069556 0.198925
0 0.466230 0.160394 0.069556 0.188172
0 0.522177 0.163082 0.040323 0.204301
0 0.590222 0.155018 0.069556 0.191756
0 0.659274 0.156810 0.062500 0.234767
0 0.725302 0.124552 0.065524 0.220430
0 0.096270 0.773297 0.063508 0.155914
0 0.138609 0.831541 0.039315 0.161290
0 0.167843 0.809140 0.047379 0.206093
0 0.221774 0.899642 0.044355 0.053763
0 0.227319 0.780466 0.047379 0.213262
0 0.279234 0.805556 0.058468 0.137993
0 0.316532 0.657706 0.062500 0.243728
0 0.380544 0.667563 0.063508 0.274194
0 0.398690 0.818996 0.055444 0.175627
0 0.331653 0.881720 0.072581 0.179211
0 0.474798 0.680108 0.064516 0.224014
0 0.452621 0.833333 0.068548 0.146953
0 0.522177 0.809140 0.062500 0.198925
0 0.571069 0.852151 0.053427 0.159498
0 0.614415 0.854839 0.067540 0.164875
0 0.662298 0.750896 0.100806 0.157706
0 0.689012 0.894265 0.059476 0.100358
0 0.773185 0.816308 0.054435 0.148746