0 0.109879 0.265233 0.048387 0.157706
0 0.149194 0.252688 0.038306 0.168459
0 0.180444 0.215950 0.052419 0.191756
0 0.230847 0.198029 0.064516 0.166667
0 0.292339 0.220430 0.064516 0.247312
0 0.376512 0.155018 0.061492 0.220430
0 0.458669 0.153226 0.070565 0.184588
0 0.507056 0.172043 0.074597 0.211470
0 0.590222 0.164875 0.069556 0.225806
0 0.654234 0.151434 0.068548 0.206093
0 0.721774 0.120072 0.074597 0.240143
0 0.110887 0.561828 0.066532 0.055556
0 0.095262 0.771505 0.055444 0.166667
0 0.130040 0.840502 0.050403 0.157706
0 0.172379 0.815412 0.046371 0.193548
0 0.226815 0.812724 0.056452 0.220430
0 0.281754 0.803763 0.055444 0.170251
0 0.323589 0.684588 0.052419 0.247312
0 0.393145 0.669355 0.060484 0.277778
0 0.473790 0.679211 0.060484 0.232975
0 0.404234 0.827061 0.044355 0.159498
0 0.655746 0.752688 0.085685 0.175627
0 0.761089 0.773297 0.090726 0.259857
0 0.528226 0.794803 0.070565 0.181004