0 0.109879 0.273297 0.052419 0.177419
0 0.148185 0.256272 0.044355 0.164875
0 0.179940 0.250896 0.071573 0.204301
0 0.250000 0.231183 0.058468 0.172043
0 0.293347 0.217742 0.052419 0.277778
0 0.363911 0.161290 0.056452 0.247312
0 0.517641 0.156810 0.061492 0.209677
0 0.577621 0.157706 0.068548 0.211470
0 0.652218 0.140681 0.088710 0.216846
0 0.739919 0.077061 0.072581 0.096774
0 0.112903 0.570789 0.062500 0.084229
0 0.087198 0.769713 0.045363 0.155914
0 0.125000 0.830645 0.034274 0.191756
0 0.217238 0.812724 0.057460 0.224014
0 0.319052 0.678315 0.063508 0.202509
0 0.283266 0.802867 0.060484 0.215054
0 0.378024 0.664875 0.064516 0.225806
0 0.470262 0.718638 0.063508 0.336918
0 0.650202 0.754480 0.086694 0.189964
0 0.753024 0.774194 0.066532 0.326165
0 0.871472 0.818100 0.063508 0.191756
0 0.615423 0.858423 0.045363 0.168459
0 0.533266 0.814516 0.066532 0.227599