0 0.104839 0.246416 0.040323 0.105735
0 0.142641 0.238351 0.043347 0.132616
0 0.248488 0.219534 0.075605 0.173835
0 0.309476 0.237455 0.048387 0.216846
0 0.378528 0.143369 0.045363 0.164875
0 0.475806 0.125448 0.040323 0.107527
0 0.530242 0.163082 0.056452 0.175627
0 0.602319 0.155018 0.079637 0.170251
0 0.667339 0.155018 0.070565 0.202509
0 0.086190 0.794803 0.059476 0.209677
0 0.135081 0.828853 0.048387 0.188172
0 0.177923 0.813620 0.041331 0.193548
0 0.222782 0.822581 0.062500 0.247312
0 0.264617 0.804659 0.057460 0.186380
0 0.321573 0.697133 0.078629 0.240143
0 0.399698 0.784050 0.055444 0.227599
0 0.476310 0.673835 0.053427 0.279570
0 0.456149 0.804659 0.063508 0.143369
0 0.529738 0.802867 0.047379 0.207885
0 0.567036 0.859319 0.053427 0.177419
0 0.639617 0.796595 0.057460 0.267025
0 0.677419 0.861111 0.054435 0.148746
0 0.753528 0.767025 0.150202 0.161290
0 0.776210 0.851254 0.052419 0.118280
0 0.850302 0.797491 0.039315 0.179211