0 0.109375 0.261649 0.051411 0.118280
0 0.149698 0.258065 0.047379 0.150538
0 0.194052 0.183692 0.063508 0.102151
0 0.254032 0.169355 0.066532 0.087814
0 0.302923 0.139785 0.053427 0.136201
0 0.505544 0.132616 0.162298 0.164875
0 0.778226 0.153226 0.056452 0.198925
0 0.764113 0.431004 0.092742 0.080645
0 0.134577 0.836022 0.043347 0.191756
0 0.234879 0.873656 0.058468 0.163082
0 0.316532 0.868280 0.088710 0.177419
0 0.523690 0.793907 0.079637 0.175627
0 0.537298 0.659498 0.082661 0.232975
0 0.643649 0.740143 0.067540 0.232975
0 0.707157 0.752688 0.065524 0.236559
0 0.771673 0.789427 0.059476 0.292115
0 0.851310 0.797491 0.043347 0.204301
0 0.719254 0.954301 0.063508 0.091398
0 0.340726 0.491935 0.068548 0.166667
0 0.269657 0.525986 0.055444 0.137993
0 0.181956 0.553763 0.065524 0.100358
0 0.609879 0.841398 0.056452 0.198925