0 0.107359 0.271505 0.053427 0.163082
0 0.192036 0.198925 0.055444 0.168459
0 0.253024 0.187276 0.064516 0.163082
0 0.301411 0.130824 0.038306 0.096774
0 0.447077 0.149642 0.065524 0.284946
0 0.568044 0.146057 0.065524 0.159498
0 0.085181 0.765233 0.059476 0.150538
0 0.131048 0.841398 0.062500 0.141577
0 0.232359 0.862903 0.069556 0.170251
0 0.372984 0.871864 0.040323 0.148746
0 0.517641 0.806452 0.089718 0.193548
0 0.541835 0.663082 0.083669 0.222222
0 0.645161 0.741935 0.078629 0.229391
0 0.702117 0.748208 0.073589 0.216846
0 0.771169 0.776882 0.072581 0.241935
0 0.847782 0.791219 0.044355 0.195341
0 0.808468 0.122760 0.169355 0.145161