0 0.540827 0.677419 0.079637 0.247312
0 0.519657 0.806452 0.101815 0.172043
0 0.695060 0.569892 0.079637 0.136201
0 0.650706 0.741039 0.075605 0.206093
0 0.715222 0.762545 0.065524 0.206093
0 0.782258 0.787634 0.060484 0.256272
0 0.855343 0.810932 0.057460 0.181004
0 0.894153 0.152330 0.088710 0.157706
0 0.135585 0.852151 0.067540 0.130824
0 0.234375 0.872760 0.057460 0.161290
0 0.377520 0.885305 0.049395 0.189964
0 0.197581 0.205197 0.064516 0.163082
0 0.613407 0.142473 0.045363 0.195341
0 0.777722 0.157706 0.069556 0.218638
0 0.461694 0.108423 0.114919 0.159498