0 0.157258 0.250000 0.072581 0.170251
0 0.579133 0.103943 0.140121 0.132616
0 0.083165 0.784050 0.055444 0.181004
0 0.138609 0.828853 0.057460 0.191756
0 0.236391 0.870968 0.085685 0.150538
0 0.518649 0.813620 0.087702 0.204301
0 0.540323 0.677419 0.088710 0.265233
0 0.643649 0.746416 0.067540 0.317204
0 0.609375 0.845878 0.053427 0.186380
0 0.706653 0.764337 0.070565 0.216846
0 0.774698 0.786738 0.061492 0.279570
0 0.850302 0.798387 0.037298 0.181004
0 0.885081 0.741935 0.052419 0.250896
0 0.911290 0.133513 0.070565 0.267025