0 0.085685 0.775986 0.054435 0.157706
0 0.131048 0.839606 0.068548 0.166667
0 0.384577 0.700717 0.083669 0.232975
0 0.469758 0.862903 0.102823 0.134409
0 0.518145 0.819892 0.088710 0.173835
0 0.529738 0.670251 0.067540 0.204301
0 0.656250 0.807348 0.086694 0.292115
0 0.716734 0.776882 0.072581 0.213262
0 0.784274 0.769713 0.070565 0.155914
0 0.775706 0.857527 0.069556 0.120072
0 0.845766 0.818996 0.056452 0.143369
0 0.874496 0.709677 0.047379 0.258065
0 0.579637 0.157706 0.038306 0.179211
0 0.616935 0.148746 0.060484 0.189964
0 0.700605 0.120968 0.086694 0.224014
0 0.778730 0.156810 0.065524 0.220430
0 0.903730 0.140681 0.067540 0.267025
0 0.257056 0.155018 0.074597 0.102151
0 0.195565 0.162186 0.050403 0.112903