0 0.210685 0.470430 0.046371 0.181004
0 0.240927 0.519713 0.106855 0.100358
0 0.258569 0.568100 0.121976 0.078853
0 0.262601 0.634409 0.119960 0.075269
0 0.241431 0.674731 0.093750 0.062724
0 0.203629 0.732079 0.062500 0.166667
5 0.671875 0.446237 0.059476 0.150538
0 0.730343 0.481183 0.049395 0.166667
0 0.691532 0.611111 0.118952 0.060932
0 0.722782 0.681004 0.068548 0.139785
0 0.778730 0.708781 0.033266 0.155914
1 0.468246 0.502688 0.077621 0.112903
1 0.456653 0.730287 0.098790 0.073477
1 0.491935 0.774194 0.078629 0.086022
4 0.432460 0.869176 0.064516 0.154122
5 0.368448 0.541219 0.075605 0.189964
5 0.947077 0.745520 0.069556 0.111111