5 0.555444 0.290323 0.086694 0.157706
1 0.516633 0.469534 0.101815 0.103943
0 0.190020 0.455197 0.049395 0.161290
0 0.247480 0.520609 0.107863 0.069892
0 0.262601 0.571685 0.134073 0.064516
0 0.251008 0.635305 0.086694 0.091398
0 0.235383 0.721326 0.035282 0.145161
0 0.206149 0.761649 0.047379 0.179211
0 0.163306 0.736559 0.018145 0.168459
1 0.432964 0.593190 0.101815 0.114695
1 0.422379 0.869176 0.094758 0.100358
0 0.799395 0.422043 0.048387 0.163082
0 0.733367 0.467742 0.061492 0.175627
0 0.701613 0.590502 0.102823 0.105735
0 0.722782 0.674731 0.060484 0.177419
0 0.750000 0.749104 0.040323 0.164875
0 0.776714 0.711470 0.051411 0.164875
4 0.883569 0.773297 0.037298 0.127240
5 0.275202 0.409498 0.104839 0.077061
5 0.618952 0.939964 0.064516 0.120072