1 0.504536 0.526882 0.089718 0.139785
1 0.521673 0.737455 0.126008 0.094982
1 0.498992 0.852151 0.088710 0.080645
0 0.229839 0.484767 0.096774 0.069892
0 0.241431 0.519713 0.117944 0.075269
0 0.250000 0.567204 0.120968 0.062724
0 0.260585 0.620968 0.121976 0.051971
0 0.234879 0.716846 0.048387 0.150538
0 0.208165 0.729391 0.041331 0.154122
0 0.184980 0.747312 0.041331 0.186380
5 0.562500 0.275986 0.098790 0.157706
3 0.175907 0.931900 0.089718 0.075269
5 0.304435 0.865591 0.050403 0.175627
5 0.621472 0.932796 0.047379 0.116487
0 0.797883 0.430108 0.027218 0.179211
0 0.734375 0.456989 0.037298 0.154122
0 0.690524 0.586022 0.102823 0.064516
0 0.719758 0.700717 0.042339 0.139785
0 0.778730 0.721326 0.055444 0.181004
4 0.835181 0.807348 0.067540 0.102151
5 0.270161 0.405914 0.086694 0.059140