1 0.447581 0.491935 0.064516 0.120072
1 0.447077 0.763441 0.091734 0.071685
1 0.460181 0.668459 0.083669 0.096774
0 0.262601 0.549283 0.130040 0.077061
5 0.352823 0.644265 0.102823 0.087814
1 0.502016 0.862903 0.088710 0.094982
1 0.492440 0.962366 0.093750 0.057348
5 0.727319 0.403226 0.073589 0.143369
0 0.798891 0.460573 0.049395 0.157706
0 0.681452 0.582437 0.133065 0.082437
4 0.851815 0.774194 0.094758 0.100358
5 0.557964 0.368280 0.128024 0.123656
2 0.746472 0.732975 0.113911 0.193548
5 0.716230 0.220430 0.067540 0.179211