0 0.209173 0.470430 0.097782 0.120072
0 0.246472 0.535842 0.123992 0.071685
0 0.205141 0.714158 0.091734 0.134409
5 0.301411 0.853943 0.106855 0.109319
1 0.476815 0.410394 0.064516 0.139785
1 0.450605 0.507168 0.076613 0.100358
1 0.505544 0.757168 0.099798 0.073477
1 0.493448 0.831541 0.101815 0.071685
1 0.494456 0.906810 0.103831 0.075269
1 0.479335 0.645161 0.041331 0.121864
0 0.702621 0.510753 0.149194 0.086022
0 0.757056 0.700717 0.056452 0.189964
5 0.810988 0.857527 0.041331 0.137993
5 0.559476 0.625448 0.064516 0.164875
5 0.673891 0.399642 0.109879 0.089606